Thorlabs Single Photon Counter Data Export

Date (YYYY-MM-DD):	2018-06-28
Time (HH:MM:SS):	15:08:50
Device Name:	SPCM50A
Serial Number:	M00451789
GUI Revision:	1.0 Build 2
Driver Revision:	1.0.1
Firmware Revision:	1.0.0

Application settings:
Operating Mode:	Free Running Timed Counter
Bin Length [ms]:	100
Time between Bins [ms]:	0.001
Pulse Blind Time [ns]:	0
Trigger Edge:	non-applicable
Array Measurement:	No
Array Measurement Continuously:	non-applicable
Bins per Array:	non-applicable
Active APD Gating:	No
Fan Off:	No

Bin Number 	Counts per Bin 	Remarks
        1	           86 	
        2	           81 	
        3	           88 	
        4	           96 	
        5	           93 	
        6	           93 	
        7	          111 	
        8	           96 	
        9	           83 	
       10	           94 	
       11	          101 	
       12	           78 	
       13	           92 	
       14	           92 	
       15	           86 	
       16	          103 	
       17	          104 	
       18	           93 	
       19	           98 	
       20	           93 	
       21	           94 	
       22	           82 	
       23	           83 	
       24	           89 	
       25	           88 	
       26	           99 	
       27	           92 	
       28	           96 	
       29	          101 	
       30	           96 	
       31	          100 	
       32	           86 	
       33	          109 	
       34	          108 	
       35	           92 	
       36	           96 	
       37	           75 	
       38	           78 	
       39	           96 	
       40	           97 	
       41	           85 	
       42	           74 	
       43	           90 	
       44	           81 	
       45	          102 	
       46	           93 	
       47	           91 	
       48	           89 	
       49	           93 	
       50	           86 	
       51	           96 	
       52	          101 	
       53	           80 	
       54	          104 	
       55	           94 	
       56	           82 	
       57	           94 	
       58	           92 	
       59	           89 	
       60	           77 	
       61	           86 	
       62	           81 	
       63	           80 	
       64	           81 	
       65	           82 	
       66	           84 	
       67	           85 	
       68	           90 	
       69	           97 	
       70	           82 	
       71	           87 	
       72	           94 	
       73	           81 	
       74	           85 	
       75	           96 	
       76	           98 	
       77	           74 	
       78	           82 	
       79	          100 	
       80	           84 	
       81	           93 	
       82	           89 	
       83	           90 	
       84	           85 	
       85	           95 	
       86	           79 	
       87	           84 	
       88	           95 	
       89	           76 	
       90	           83 	
       91	           77 	
       92	           82 	
       93	           82 	
       94	           78 	
       95	           84 	
       96	           84 	
       97	           90 	
       98	           81 	
       99	           79 	
      100	           76 	
      101	          107 	
      102	           91 	
      103	          108 	
      104	           96 	
      105	          103 	
      106	          102 	
      107	           89 	
      108	           87 	
      109	           89 	
      110	           97 	
      111	           94 	
      112	           97 	
      113	           80 	
      114	           79 	
      115	           97 	
      116	          103 	
      117	          134 	
      118	           87 	
      119	           93 	
      120	           79 	
      121	           92 	
      122	          103 	
      123	           88 	
      124	           79 	
      125	           91 	
      126	           96 	
      127	          107 	
      128	          113 	
      129	          110 	
      130	           95 	
      131	          106 	
      132	          112 	
      133	           94 	
      134	          106 	
      135	           74 	
      136	           78 	
      137	           81 	
      138	           74 	
      139	          104 	
      140	           66 	
      141	           84 	
      142	           77 	
      143	           98 	
      144	           93 	
      145	           76 	
      146	           83 	
      147	           81 	
      148	          116 	
      149	          110 	
      150	          101 	
      151	           83 	
      152	           95 	
      153	           99 	
      154	           93 	
      155	           84 	
      156	           89 	
      157	           93 	
      158	           76 	
      159	           91 	
      160	           92 	
      161	          104 	
      162	           84 	
      163	           89 	
      164	           96 	
      165	           95 	
      166	           90 	
      167	           88 	
      168	           77 	
      169	           76 	
      170	           86 	
      171	           90 	
      172	           79 	
      173	           95 	
      174	           90 	
      175	           91 	
      176	           82 	
      177	          106 	
      178	           80 	
      179	          109 	
      180	           94 	
      181	          101 	
      182	           85 	
      183	          113 	
      184	           94 	
      185	           81 	
      186	           82 	
      187	           99 	
      188	           94 	
      189	           81 	
      190	           76 	
      191	           81 	
      192	           76 	
      193	           76 	
      194	           77 	
      195	           83 	
      196	           68 	
      197	           94 	
      198	           87 	
      199	           92 	
      200	           97 	
      201	           84 	
      202	          104 	
      203	           93 	
      204	           76 	
      205	          100 	
      206	           80 	
      207	           87 	
      208	          100 	
      209	           88 	
      210	           97 	
      211	          107 	
      212	          110 	
      213	           97 	
      214	           84 	
      215	           98 	
      216	           88 	
      217	          106 	
      218	           99 	
      219	           77 	
      220	          113 	
      221	           83 	
      222	           98 	
      223	           88 	
      224	           86 	
      225	          103 	
      226	          101 	
      227	           84 	
      228	           76 	
      229	           96 	
      230	           87 	
      231	           92 	
      232	           82 	
      233	          104 	
      234	           90 	
      235	           82 	
      236	          101 	
      237	           91 	
      238	           96 	
      239	           72 	
      240	           92 	
      241	           88 	
      242	           94 	
      243	           80 	
      244	           75 	
      245	          109 	
      246	           99 	
      247	           79 	
      248	           81 	
      249	           95 	
      250	          106 	
      251	           85 	
      252	           84 	
      253	          112 	
      254	           90 	
      255	          113 	
      256	           91 	
      257	           88 	
      258	           95 	
      259	           87 	
      260	           87 	
      261	          104 	
      262	           87 	
      263	           78 	
      264	           95 	
      265	           89 	
      266	           65 	
      267	           87 	
      268	           82 	
      269	           84 	
      270	           92 	
      271	           99 	
      272	           95 	
      273	           95 	
      274	           90 	
      275	           72 	
      276	          123 	
      277	          103 	
      278	           84 	
      279	           85 	
      280	          105 	
      281	          110 	
      282	           99 	
      283	           85 	
      284	           96 	
      285	           85 	
      286	           90 	
      287	           84 	
      288	           89 	
      289	           82 	
      290	           69 	
      291	           96 	
      292	           87 	
      293	          101 	
      294	           90 	
      295	           82 	
      296	          128 	
      297	           78 	
      298	           91 	
      299	           92 	
      300	           86 	
      301	           79 	
      302	           81 	
      303	           99 	
      304	          102 	
      305	           92 	
      306	           61 	
      307	           81 	
      308	           93 	
      309	           94 	
      310	           89 	
      311	           89 	
      312	          104 	
      313	           85 	
      314	          100 	
      315	           91 	
      316	           92 	
      317	           82 	
      318	           84 	
      319	           92 	
      320	           91 	
      321	          101 	
      322	          105 	
      323	           76 	
      324	           86 	
      325	           94 	
      326	          107 	
      327	           91 	
      328	           92 	
      329	           93 	
      330	          106 	
      331	           91 	
      332	           95 	
      333	           79 	
      334	           73 	
      335	           75 	
      336	           88 	
      337	          114 	
      338	          108 	
      339	          103 	
      340	           85 	
      341	           89 	
      342	           89 	
      343	           75 	
      344	           83 	
      345	           95 	
      346	           75 	
      347	           84 	
      348	           92 	
      349	           87 	
      350	           95 	
      351	          100 	
      352	          107 	
      353	           84 	
      354	           92 	
      355	           91 	
      356	           81 	
      357	           94 	
      358	           85 	
      359	           93 	
      360	           97 	
      361	           99 	
      362	           96 	
      363	           99 	
      364	           93 	
      365	          100 	
      366	          113 	
      367	           75 	
      368	           97 	
      369	           91 	
      370	           95 	
      371	           83 	
      372	           87 	
      373	           96 	
      374	           97 	
      375	           91 	
      376	          106 	
      377	           81 	
      378	           86 	
      379	           86 	
      380	           73 	
      381	           84 	
      382	           78 	
      383	           78 	
      384	           88 	
      385	           83 	
      386	           86 	
      387	           97 	
      388	           90 	
      389	           88 	
      390	           82 	
      391	          102 	
      392	           81 	
      393	           99 	
      394	           99 	
      395	           94 	
      396	          106 	
      397	           89 	
      398	           90 	
      399	           78 	
      400	           97 	
      401	           89 	
      402	           90 	
      403	           83 	
      404	           90 	
      405	           82 	
      406	           98 	
      407	           93 	
      408	           82 	
      409	           66 	
      410	           85 	
      411	           97 	
      412	           86 	
      413	           79 	
      414	           97 	
      415	           95 	
      416	           83 	
      417	          101 	
      418	           93 	
      419	           78 	
      420	           86 	
      421	          102 	
      422	           97 	
      423	          104 	
      424	           98 	
      425	           97 	
      426	          106 	
      427	           86 	
      428	           85 	
      429	           98 	
      430	          105 	
      431	           91 	
      432	          111 	
      433	           97 	
      434	           95 	
      435	          104 	
      436	           85 	
      437	           88 	
      438	           95 	
      439	           89 	
      440	           88 	
      441	           90 	
      442	           79 	
      443	          105 	
      444	           93 	
      445	           99 	
      446	          116 	
      447	          104 	
      448	           93 	
      449	           96 	
      450	           92 	
      451	           95 	
      452	           85 	
      453	           88 	
      454	           97 	
      455	           90 	
      456	           83 	
      457	           78 	
      458	           90 	
      459	          100 	
      460	           81 	
      461	           80 	
      462	           69 	
      463	           83 	
      464	          102 	
      465	           86 	
      466	          100 	
      467	           91 	
      468	           88 	
      469	           73 	
      470	           90 	
      471	           90 	
      472	           91 	
      473	           92 	
      474	           78 	
      475	           90 	
      476	           87 	
      477	           88 	
      478	          108 	
      479	           98 	
      480	           81 	
      481	           98 	
      482	           95 	
      483	          101 	
      484	           77 	
      485	          100 	
      486	           80 	
      487	           87 	
      488	           92 	
      489	          100 	
      490	           97 	
      491	           90 	
      492	          102 	
      493	           94 	
      494	           78 	
      495	           98 	
      496	          101 	
      497	           90 	
      498	           95 	
      499	           79 	
      500	          102 	
      501	           98 	
      502	           66 	
      503	           93 	
      504	           78 	
      505	           80 	
      506	           83 	
      507	           95 	
      508	           99 	
      509	          120 	
      510	          119 	
