Thorlabs Single Photon Counter Data Export

Date (YYYY-MM-DD):	2018-06-28
Time (HH:MM:SS):	15:05:48
Device Name:	SPCM50A
Serial Number:	M00451789
GUI Revision:	1.0 Build 2
Driver Revision:	1.0.1
Firmware Revision:	1.0.0

Application settings:
Operating Mode:	Free Running Timed Counter
Bin Length [ms]:	100
Time between Bins [ms]:	0.001
Pulse Blind Time [ns]:	0
Trigger Edge:	non-applicable
Array Measurement:	No
Array Measurement Continuously:	non-applicable
Bins per Array:	non-applicable
Active APD Gating:	No
Fan Off:	No

Bin Number 	Counts per Bin 	Remarks
        1	           78 	
        2	           85 	
        3	           97 	
        4	           99 	
        5	          101 	
        6	           97 	
        7	           98 	
        8	           82 	
        9	           92 	
       10	           83 	
       11	           92 	
       12	           92 	
       13	           94 	
       14	           80 	
       15	           79 	
       16	           80 	
       17	           77 	
       18	           95 	
       19	           74 	
       20	           95 	
       21	           77 	
       22	           92 	
       23	           85 	
       24	           84 	
       25	           82 	
       26	           86 	
       27	           89 	
       28	           90 	
       29	           79 	
       30	           89 	
       31	           86 	
       32	           85 	
       33	           99 	
       34	           83 	
       35	           95 	
       36	           90 	
       37	           89 	
       38	           81 	
       39	           95 	
       40	           82 	
       41	           91 	
       42	           78 	
       43	           77 	
       44	           91 	
       45	           81 	
       46	           79 	
       47	           86 	
       48	           89 	
       49	           94 	
       50	          103 	
       51	           85 	
       52	           77 	
       53	           77 	
       54	           98 	
       55	          103 	
       56	           73 	
       57	           93 	
       58	           84 	
       59	           75 	
       60	           87 	
       61	           79 	
       62	           87 	
       63	           86 	
       64	           80 	
       65	           70 	
       66	           95 	
       67	           58 	
       68	           93 	
       69	           97 	
       70	           97 	
       71	           89 	
       72	           88 	
       73	           85 	
       74	          104 	
       75	           80 	
       76	           85 	
       77	           84 	
       78	          109 	
       79	           87 	
       80	           83 	
       81	           91 	
       82	           87 	
       83	           78 	
       84	           91 	
       85	           93 	
       86	           82 	
       87	           88 	
       88	           77 	
       89	           84 	
       90	           88 	
       91	           83 	
       92	           83 	
       93	           95 	
       94	           93 	
       95	           97 	
       96	           85 	
       97	           62 	
       98	           86 	
       99	           92 	
      100	           96 	
      101	           99 	
      102	           79 	
      103	           73 	
      104	           81 	
      105	           95 	
      106	           98 	
      107	           88 	
      108	           91 	
      109	           90 	
      110	           95 	
      111	           74 	
      112	           82 	
      113	           99 	
      114	           98 	
      115	           60 	
      116	           78 	
      117	           76 	
      118	           74 	
      119	           89 	
      120	           94 	
      121	           83 	
      122	           96 	
      123	           88 	
      124	           77 	
      125	           88 	
      126	           87 	
      127	           69 	
      128	           84 	
      129	           89 	
      130	           78 	
      131	           85 	
      132	          110 	
      133	           82 	
      134	           82 	
      135	           96 	
      136	           83 	
      137	           88 	
      138	           91 	
      139	           82 	
      140	           82 	
      141	           72 	
      142	           62 	
      143	           96 	
      144	           68 	
      145	           90 	
      146	           68 	
      147	          100 	
      148	           65 	
      149	           89 	
      150	           91 	
      151	           71 	
      152	           86 	
      153	           82 	
      154	           72 	
      155	           98 	
      156	           88 	
      157	           90 	
      158	          101 	
      159	           81 	
      160	           89 	
      161	           82 	
      162	           58 	
      163	           76 	
      164	           79 	
      165	           92 	
      166	           87 	
      167	           86 	
      168	           91 	
      169	           68 	
      170	           87 	
      171	           88 	
      172	           83 	
      173	           72 	
      174	           80 	
      175	           94 	
      176	           82 	
      177	           93 	
      178	           80 	
      179	           95 	
      180	           88 	
      181	           94 	
      182	           90 	
      183	           89 	
      184	           80 	
      185	           81 	
      186	           85 	
      187	           89 	
      188	           79 	
      189	           76 	
      190	           74 	
      191	           84 	
      192	           98 	
      193	           78 	
      194	          100 	
      195	           89 	
      196	           75 	
      197	           87 	
      198	           71 	
      199	           98 	
      200	           71 	
      201	           83 	
      202	           96 	
      203	          104 	
      204	           73 	
      205	           78 	
      206	           77 	
      207	           94 	
      208	           93 	
      209	           87 	
      210	           86 	
      211	           98 	
      212	           84 	
      213	           78 	
      214	           85 	
      215	           79 	
      216	           84 	
      217	           80 	
      218	           99 	
      219	           87 	
      220	           91 	
      221	           81 	
      222	           76 	
      223	           70 	
      224	           68 	
      225	           89 	
      226	           87 	
      227	           86 	
      228	          102 	
      229	           92 	
      230	           85 	
      231	          101 	
      232	           89 	
      233	           89 	
      234	           97 	
      235	           80 	
      236	           92 	
      237	           97 	
      238	           70 	
      239	           80 	
      240	           80 	
      241	           83 	
      242	           97 	
      243	           97 	
      244	           95 	
      245	           92 	
      246	           98 	
      247	           78 	
      248	           93 	
      249	           96 	
      250	          103 	
      251	           72 	
      252	           90 	
      253	           78 	
      254	           97 	
      255	           85 	
      256	           83 	
      257	           74 	
      258	           86 	
      259	           89 	
      260	           99 	
      261	           93 	
      262	          109 	
      263	           90 	
      264	          100 	
      265	           74 	
      266	          101 	
      267	           84 	
      268	           87 	
      269	           82 	
      270	           90 	
      271	           93 	
      272	           92 	
      273	           82 	
      274	           83 	
      275	           82 	
      276	           90 	
      277	           77 	
      278	           99 	
      279	           86 	
      280	           82 	
      281	           76 	
      282	           85 	
      283	           82 	
      284	           92 	
      285	           82 	
      286	           74 	
      287	           94 	
      288	          102 	
      289	           73 	
      290	           94 	
      291	           74 	
      292	           80 	
      293	           74 	
      294	           66 	
      295	           78 	
      296	           86 	
      297	           88 	
      298	          102 	
      299	           89 	
      300	           69 	
      301	           77 	
      302	           87 	
      303	           75 	
      304	           80 	
      305	           78 	
      306	           80 	
      307	           87 	
      308	           82 	
      309	           92 	
      310	          100 	
      311	           94 	
      312	          101 	
      313	           83 	
      314	           73 	
      315	           84 	
      316	           74 	
      317	           75 	
      318	           79 	
      319	           77 	
      320	           89 	
      321	           96 	
      322	           69 	
      323	           82 	
      324	           82 	
      325	           92 	
      326	           84 	
      327	           89 	
      328	           93 	
      329	           89 	
      330	           90 	
      331	           98 	
      332	          101 	
      333	           86 	
      334	          110 	
      335	           89 	
      336	           81 	
      337	           90 	
      338	           84 	
      339	           87 	
      340	           83 	
      341	           98 	
      342	          100 	
      343	           88 	
      344	          106 	
      345	           79 	
      346	           85 	
      347	           77 	
      348	          108 	
      349	           77 	
      350	           83 	
      351	           73 	
      352	           79 	
      353	           93 	
      354	           90 	
      355	           78 	
      356	           79 	
      357	           92 	
      358	           98 	
      359	           79 	
      360	           91 	
      361	           87 	
      362	           85 	
      363	           74 	
      364	           71 	
      365	           90 	
      366	           76 	
      367	           84 	
      368	           71 	
      369	           75 	
      370	           95 	
      371	           85 	
      372	           96 	
      373	          105 	
      374	           82 	
      375	           91 	
      376	           85 	
      377	           73 	
      378	           90 	
      379	           95 	
      380	           82 	
      381	           86 	
      382	           94 	
      383	           91 	
      384	           86 	
      385	           96 	
      386	           91 	
      387	           80 	
      388	           93 	
      389	           82 	
      390	           84 	
      391	          103 	
      392	           87 	
      393	           76 	
      394	           91 	
      395	           92 	
      396	           88 	
      397	           75 	
      398	           85 	
      399	           84 	
      400	           82 	
      401	           98 	
      402	           82 	
      403	           92 	
      404	           95 	
      405	           94 	
      406	           81 	
      407	           84 	
      408	           96 	
      409	          101 	
      410	           89 	
      411	           79 	
      412	           90 	
      413	           91 	
      414	           86 	
      415	           68 	
      416	           86 	
      417	           72 	
      418	           86 	
      419	           85 	
      420	           78 	
      421	           76 	
      422	           65 	
      423	           84 	
      424	           95 	
      425	           86 	
      426	           77 	
      427	           90 	
      428	           91 	
      429	           99 	
      430	           83 	
      431	           75 	
      432	           92 	
      433	           92 	
      434	          104 	
      435	           84 	
      436	           81 	
      437	           84 	
      438	           76 	
      439	           94 	
      440	           96 	
      441	           91 	
      442	           92 	
      443	           87 	
      444	           89 	
      445	           89 	
      446	           75 	
      447	           80 	
      448	           88 	
      449	           87 	
      450	           97 	
      451	           75 	
      452	           84 	
      453	           94 	
      454	           98 	
      455	           79 	
      456	           86 	
      457	           77 	
      458	           68 	
      459	           71 	
      460	           93 	
      461	           84 	
      462	           76 	
      463	           85 	
      464	           93 	
      465	           80 	
      466	          108 	
      467	           97 	
      468	           96 	
      469	           85 	
      470	           76 	
      471	           99 	
      472	           78 	
      473	           88 	
      474	           83 	
      475	           74 	
      476	           88 	
      477	           85 	
      478	           74 	
      479	           88 	
      480	           80 	
      481	           92 	
      482	           86 	
      483	           79 	
      484	          105 	
      485	           73 	
      486	           91 	
      487	           90 	
      488	          105 	
      489	           91 	
      490	           86 	
      491	           86 	
      492	           83 	
      493	           94 	
      494	           79 	
      495	           77 	
      496	          102 	
      497	           86 	
      498	           84 	
      499	           81 	
      500	           99 	
      501	           80 	
      502	           82 	
      503	           67 	
      504	           88 	
      505	           90 	
      506	           84 	
      507	           94 	
      508	           92 	
      509	           75 	
      510	          101 	
      511	           99 	
      512	          124 	
      513	           82 	
      514	           96 	
      515	           77 	
      516	           96 	
      517	           78 	
      518	           77 	
      519	           97 	
      520	           82 	
      521	           77 	
      522	           82 	
      523	           97 	
      524	           98 	
      525	           93 	
      526	           92 	
      527	           99 	
      528	           81 	
      529	           83 	
      530	           95 	
      531	           71 	
      532	           91 	
      533	           98 	
      534	           94 	
      535	           82 	
      536	           81 	
      537	           92 	
      538	           97 	
      539	           67 	
      540	           91 	
      541	           81 	
      542	           91 	
      543	           73 	
      544	          105 	
      545	          106 	
      546	           80 	
      547	           78 	
      548	           88 	
      549	           75 	
      550	           92 	
      551	           75 	
      552	           92 	
      553	           80 	
      554	           59 	
      555	           78 	
      556	           78 	
      557	           72 	
      558	           86 	
      559	           95 	
      560	           99 	
      561	           73 	
      562	           88 	
      563	           95 	
      564	           89 	
      565	           87 	
      566	           91 	
      567	           77 	
      568	           94 	
      569	          100 	
      570	           85 	
      571	           96 	
      572	           73 	
      573	           93 	
      574	           80 	
      575	           83 	
      576	           82 	
      577	           92 	
      578	          103 	
      579	           85 	
      580	           85 	
      581	           87 	
      582	           85 	
      583	           88 	
      584	           65 	
      585	           85 	
      586	           84 	
      587	           94 	
      588	           73 	
      589	           81 	
      590	           75 	
      591	           97 	
      592	           91 	
      593	           80 	
      594	           85 	
      595	           65 	
      596	           81 	
      597	           99 	
      598	           83 	
      599	           87 	
      600	           83 	
      601	           94 	
      602	           82 	
