Thorlabs Single Photon Counter Data Export

Date (YYYY-MM-DD):	2018-06-28
Time (HH:MM:SS):	15:11:28
Device Name:	SPCM50A
Serial Number:	M00451789
GUI Revision:	1.0 Build 2
Driver Revision:	1.0.1
Firmware Revision:	1.0.0

Application settings:
Operating Mode:	Free Running Timed Counter
Bin Length [ms]:	100
Time between Bins [ms]:	0.001
Pulse Blind Time [ns]:	0
Trigger Edge:	non-applicable
Array Measurement:	No
Array Measurement Continuously:	non-applicable
Bins per Array:	non-applicable
Active APD Gating:	No
Fan Off:	No

Bin Number 	Counts per Bin 	Remarks
        1	           54 	
        2	           55 	
        3	           45 	
        4	           37 	
        5	           51 	
        6	           46 	
        7	           52 	
        8	           49 	
        9	           45 	
       10	           54 	
       11	           44 	
       12	           45 	
       13	           57 	
       14	           59 	
       15	           36 	
       16	           43 	
       17	           61 	
       18	           41 	
       19	           52 	
       20	           49 	
       21	           27 	
       22	           45 	
       23	           42 	
       24	           47 	
       25	           43 	
       26	           52 	
       27	           52 	
       28	           47 	
       29	           45 	
       30	           47 	
       31	           51 	
       32	           56 	
       33	           47 	
       34	           53 	
       35	           40 	
       36	           53 	
       37	           44 	
       38	           36 	
       39	           57 	
       40	           41 	
       41	           47 	
       42	           38 	
       43	           51 	
       44	           39 	
       45	           42 	
       46	           42 	
       47	           45 	
       48	           40 	
       49	           50 	
       50	           51 	
       51	           54 	
       52	           46 	
       53	           52 	
       54	           49 	
       55	           45 	
       56	           50 	
       57	           54 	
       58	           36 	
       59	           45 	
       60	           52 	
       61	           54 	
       62	           40 	
       63	           47 	
       64	           57 	
       65	           34 	
       66	           51 	
       67	           47 	
       68	           54 	
       69	           41 	
       70	           45 	
       71	           44 	
       72	           49 	
       73	           45 	
       74	           40 	
       75	           63 	
       76	           61 	
       77	           41 	
       78	           56 	
       79	           37 	
       80	           54 	
       81	           35 	
       82	           43 	
       83	           55 	
       84	           45 	
       85	           56 	
       86	           35 	
       87	           40 	
       88	           54 	
       89	           47 	
       90	           39 	
       91	           48 	
       92	           35 	
       93	           45 	
       94	           39 	
       95	           41 	
       96	           52 	
       97	           49 	
       98	           54 	
       99	           52 	
      100	           45 	
      101	           52 	
      102	           66 	
      103	           54 	
      104	           51 	
      105	           30 	
      106	           47 	
      107	           64 	
      108	           51 	
      109	           49 	
      110	           58 	
      111	           47 	
      112	           57 	
      113	           34 	
      114	           38 	
      115	           37 	
      116	           40 	
      117	           64 	
      118	           51 	
      119	           37 	
      120	           44 	
      121	           50 	
      122	           50 	
      123	           41 	
      124	           42 	
      125	           49 	
      126	           46 	
      127	           44 	
      128	           56 	
      129	           45 	
      130	           52 	
      131	           55 	
      132	           32 	
      133	           42 	
      134	           49 	
      135	           44 	
      136	           48 	
      137	           39 	
      138	           42 	
      139	           47 	
      140	           50 	
      141	           44 	
      142	           46 	
      143	           44 	
      144	           50 	
      145	           39 	
      146	           45 	
      147	           55 	
      148	           34 	
      149	           54 	
      150	           51 	
      151	           49 	
      152	           44 	
      153	           43 	
      154	           53 	
      155	           46 	
      156	           41 	
      157	           39 	
      158	           44 	
      159	           36 	
      160	           46 	
      161	           54 	
      162	           41 	
      163	           36 	
      164	           44 	
      165	           44 	
      166	           49 	
      167	           41 	
      168	           58 	
      169	           56 	
      170	           49 	
      171	           47 	
      172	           48 	
      173	           38 	
      174	           43 	
      175	           49 	
      176	           42 	
      177	           38 	
      178	           56 	
      179	           48 	
      180	           47 	
      181	           54 	
      182	           51 	
      183	           39 	
      184	           30 	
      185	           48 	
      186	           50 	
      187	           50 	
      188	           44 	
      189	           51 	
      190	           42 	
      191	           45 	
      192	           51 	
      193	           39 	
      194	           44 	
      195	           34 	
      196	           47 	
      197	           55 	
      198	           63 	
      199	           34 	
      200	           44 	
      201	           43 	
      202	           40 	
      203	           46 	
      204	           42 	
      205	           45 	
      206	           47 	
      207	           56 	
      208	           55 	
      209	           51 	
      210	           42 	
      211	           50 	
      212	           37 	
      213	           50 	
      214	           42 	
      215	           45 	
      216	           52 	
      217	           54 	
      218	           44 	
      219	           43 	
      220	           47 	
      221	           36 	
      222	           43 	
      223	           47 	
      224	           38 	
      225	           41 	
      226	           42 	
      227	           43 	
      228	           51 	
      229	           42 	
      230	           40 	
      231	           52 	
      232	           59 	
      233	           45 	
      234	           38 	
      235	           53 	
      236	           44 	
      237	           41 	
      238	           45 	
      239	           49 	
      240	           53 	
      241	           48 	
      242	           40 	
      243	           53 	
      244	           39 	
      245	           44 	
      246	           47 	
      247	           52 	
      248	           50 	
      249	           50 	
      250	           37 	
      251	           42 	
      252	           45 	
      253	           48 	
      254	           61 	
      255	           63 	
      256	           45 	
      257	           37 	
      258	           63 	
      259	           60 	
      260	           59 	
      261	           43 	
      262	           45 	
      263	           43 	
      264	           46 	
      265	           45 	
      266	           40 	
      267	           49 	
      268	           61 	
      269	           41 	
      270	           44 	
      271	           51 	
      272	           39 	
      273	           39 	
      274	           37 	
      275	           37 	
      276	           54 	
      277	           42 	
      278	           52 	
      279	           46 	
      280	           41 	
      281	           61 	
      282	           57 	
      283	           39 	
      284	           53 	
      285	           47 	
      286	           36 	
      287	           54 	
      288	           49 	
      289	           44 	
      290	           48 	
      291	           49 	
      292	           50 	
      293	           55 	
      294	           59 	
      295	           53 	
      296	           33 	
      297	           39 	
      298	           57 	
      299	           46 	
      300	           39 	
      301	           33 	
      302	           56 	
      303	           40 	
      304	           42 	
      305	           38 	
      306	           46 	
      307	           47 	
      308	           53 	
      309	           49 	
      310	           49 	
      311	           43 	
      312	           51 	
      313	           54 	
      314	           61 	
      315	           52 	
      316	           49 	
      317	           58 	
      318	           48 	
      319	           42 	
      320	           40 	
      321	           40 	
      322	           42 	
      323	           31 	
      324	           50 	
      325	           54 	
      326	           36 	
      327	           37 	
      328	           46 	
      329	           47 	
      330	           37 	
      331	           38 	
      332	           49 	
      333	           54 	
      334	           47 	
      335	           41 	
      336	           45 	
      337	           41 	
      338	           51 	
      339	           52 	
      340	           49 	
      341	           44 	
      342	           42 	
      343	           47 	
      344	           44 	
      345	           44 	
      346	           32 	
      347	           42 	
      348	           35 	
      349	           53 	
      350	           40 	
      351	           53 	
      352	           40 	
      353	           45 	
      354	           44 	
      355	           47 	
      356	           55 	
      357	           50 	
      358	           50 	
      359	           42 	
      360	           46 	
      361	           62 	
      362	           48 	
      363	           43 	
      364	           44 	
      365	           46 	
      366	           51 	
      367	           40 	
      368	           51 	
      369	           59 	
      370	           49 	
      371	           46 	
      372	           46 	
      373	           52 	
      374	           39 	
      375	           44 	
      376	           34 	
      377	           50 	
      378	           53 	
      379	           70 	
      380	           68 	
      381	           54 	
      382	           48 	
      383	           60 	
      384	           50 	
      385	           44 	
      386	           52 	
      387	           48 	
      388	           53 	
      389	           41 	
      390	           49 	
      391	           47 	
      392	           42 	
      393	           51 	
      394	           40 	
      395	           29 	
      396	           43 	
      397	           36 	
      398	           53 	
      399	           51 	
      400	           47 	
      401	           42 	
      402	           46 	
      403	           37 	
      404	           53 	
      405	           53 	
      406	           42 	
      407	           49 	
      408	           40 	
      409	           48 	
      410	           45 	
      411	           37 	
      412	           41 	
      413	           45 	
      414	           57 	
      415	           43 	
      416	           51 	
      417	           55 	
      418	           43 	
      419	           45 	
      420	           50 	
      421	           57 	
      422	           39 	
      423	           44 	
      424	           39 	
      425	           49 	
      426	           54 	
      427	           47 	
      428	           52 	
      429	           36 	
      430	           44 	
      431	           56 	
      432	           61 	
      433	           36 	
      434	           59 	
      435	           42 	
      436	           38 	
      437	           41 	
      438	           52 	
      439	           34 	
      440	           52 	
      441	           50 	
      442	           53 	
      443	           56 	
      444	           40 	
      445	           43 	
      446	           45 	
      447	           43 	
      448	           58 	
      449	           45 	
      450	           43 	
      451	           43 	
      452	           47 	
      453	           45 	
      454	           41 	
      455	           57 	
      456	           42 	
      457	           32 	
      458	           51 	
      459	           40 	
      460	           55 	
      461	           53 	
      462	           49 	
      463	           30 	
      464	           28 	
      465	           50 	
      466	           49 	
      467	           38 	
      468	           41 	
      469	           47 	
      470	           62 	
      471	           41 	
      472	           51 	
      473	           40 	
      474	           46 	
      475	           41 	
      476	           40 	
      477	           43 	
      478	           56 	
      479	           40 	
      480	           54 	
      481	           56 	
      482	           34 	
      483	           50 	
      484	           39 	
      485	           46 	
      486	           45 	
      487	           44 	
      488	           29 	
      489	           50 	
      490	           44 	
      491	           42 	
      492	           42 	
      493	           38 	
      494	           52 	
      495	           46 	
      496	           44 	
      497	           56 	
      498	           48 	
      499	           46 	
      500	           44 	
      501	           38 	
      502	           32 	
      503	           52 	
      504	           44 	
      505	           41 	
      506	           55 	
