Thorlabs Single Photon Counter Data Export

Date (YYYY-MM-DD):	2018-06-28
Time (HH:MM:SS):	15:12:45
Device Name:	SPCM50A
Serial Number:	M00451789
GUI Revision:	1.0 Build 2
Driver Revision:	1.0.1
Firmware Revision:	1.0.0

Application settings:
Operating Mode:	Free Running Timed Counter
Bin Length [ms]:	100
Time between Bins [ms]:	0.001
Pulse Blind Time [ns]:	0
Trigger Edge:	non-applicable
Array Measurement:	No
Array Measurement Continuously:	non-applicable
Bins per Array:	non-applicable
Active APD Gating:	No
Fan Off:	No

Bin Number 	Counts per Bin 	Remarks
        1	          136 	
        2	          132 	
        3	          143 	
        4	          149 	
        5	          141 	
        6	          137 	
        7	          135 	
        8	          166 	
        9	          149 	
       10	          133 	
       11	          150 	
       12	          158 	
       13	          138 	
       14	          137 	
       15	          124 	
       16	          139 	
       17	          135 	
       18	          134 	
       19	          133 	
       20	          131 	
       21	          156 	
       22	          156 	
       23	          156 	
       24	          150 	
       25	          164 	
       26	          143 	
       27	          150 	
       28	          134 	
       29	          144 	
       30	          141 	
       31	          121 	
       32	          136 	
       33	          128 	
       34	          130 	
       35	          144 	
       36	          142 	
       37	          138 	
       38	          148 	
       39	          113 	
       40	          153 	
       41	          135 	
       42	          153 	
       43	          150 	
       44	          142 	
       45	          147 	
       46	          150 	
       47	          157 	
       48	          122 	
       49	          164 	
       50	          133 	
       51	          140 	
       52	          162 	
       53	          157 	
       54	          156 	
       55	          149 	
       56	          134 	
       57	          157 	
       58	          142 	
       59	          139 	
       60	          179 	
       61	          168 	
       62	          175 	
       63	          168 	
       64	          155 	
       65	          132 	
       66	          149 	
       67	          130 	
       68	          140 	
       69	          146 	
       70	          129 	
       71	          135 	
       72	          139 	
       73	          136 	
       74	          141 	
       75	          123 	
       76	          144 	
       77	          156 	
       78	          132 	
       79	          146 	
       80	          132 	
       81	          142 	
       82	          150 	
       83	          139 	
       84	          136 	
       85	          148 	
       86	          156 	
       87	          129 	
       88	          146 	
       89	          133 	
       90	          109 	
       91	          134 	
       92	          120 	
       93	          144 	
       94	          155 	
       95	          143 	
       96	          130 	
       97	          147 	
       98	          142 	
       99	          154 	
      100	          151 	
      101	          125 	
      102	          141 	
      103	          151 	
      104	          151 	
      105	          148 	
      106	          150 	
      107	          142 	
      108	          138 	
      109	          162 	
      110	          130 	
      111	          162 	
      112	          145 	
      113	          139 	
      114	          125 	
      115	          156 	
      116	          147 	
      117	          154 	
      118	          133 	
      119	          140 	
      120	          145 	
      121	          130 	
      122	          126 	
      123	          140 	
      124	          140 	
      125	          158 	
      126	          116 	
      127	          150 	
      128	          164 	
      129	          125 	
      130	          150 	
      131	          149 	
      132	          145 	
      133	          143 	
      134	          146 	
      135	          162 	
      136	          136 	
      137	          129 	
      138	          163 	
      139	          156 	
      140	          145 	
      141	          134 	
      142	          152 	
      143	          143 	
      144	          150 	
      145	          132 	
      146	          152 	
      147	          163 	
      148	          142 	
      149	          152 	
      150	          147 	
      151	          140 	
      152	          138 	
      153	          157 	
      154	          152 	
      155	          164 	
      156	          169 	
      157	          154 	
      158	          138 	
      159	          156 	
      160	          150 	
      161	          130 	
      162	          127 	
      163	          109 	
      164	          176 	
      165	          131 	
      166	          150 	
      167	          134 	
      168	          137 	
      169	          161 	
      170	          141 	
      171	          149 	
      172	          152 	
      173	          135 	
      174	          154 	
      175	          147 	
      176	          135 	
      177	          150 	
      178	          134 	
      179	          151 	
      180	          129 	
      181	          144 	
      182	          140 	
      183	          139 	
      184	          128 	
      185	          151 	
      186	          145 	
      187	          138 	
      188	          146 	
      189	          141 	
      190	          116 	
      191	          125 	
      192	          135 	
      193	          129 	
      194	          152 	
      195	          121 	
      196	          154 	
      197	          121 	
      198	          147 	
      199	          135 	
      200	          139 	
      201	          159 	
      202	          141 	
      203	          149 	
      204	          132 	
      205	          132 	
      206	          133 	
      207	          148 	
      208	          132 	
      209	          145 	
      210	          152 	
      211	          125 	
      212	          154 	
      213	          134 	
      214	          129 	
      215	          117 	
      216	          130 	
      217	          152 	
      218	          141 	
      219	          125 	
      220	          159 	
      221	          162 	
      222	          135 	
      223	          122 	
      224	          163 	
      225	          153 	
      226	          126 	
      227	          149 	
      228	          144 	
      229	          152 	
      230	          150 	
      231	          130 	
      232	          134 	
      233	          156 	
      234	          140 	
      235	          128 	
      236	          127 	
      237	          123 	
      238	          137 	
      239	          131 	
      240	          157 	
      241	          137 	
      242	          138 	
      243	          133 	
      244	          135 	
      245	          148 	
      246	          140 	
      247	          134 	
      248	          170 	
      249	          143 	
      250	          137 	
      251	          165 	
      252	          171 	
      253	          133 	
      254	          139 	
      255	          156 	
      256	          149 	
      257	          155 	
      258	          148 	
      259	          130 	
      260	          135 	
      261	          145 	
      262	          128 	
      263	          142 	
      264	          136 	
      265	          118 	
      266	          133 	
      267	          139 	
      268	          147 	
      269	          157 	
      270	          152 	
      271	          148 	
      272	          152 	
      273	          162 	
      274	          150 	
      275	          140 	
      276	          133 	
      277	          136 	
      278	          150 	
      279	          129 	
      280	          135 	
      281	          159 	
      282	          122 	
      283	          132 	
      284	          151 	
      285	          169 	
      286	          113 	
      287	          144 	
      288	          134 	
      289	          157 	
      290	          152 	
      291	          154 	
      292	          150 	
      293	          139 	
      294	          160 	
      295	          130 	
      296	          113 	
      297	          137 	
      298	          141 	
      299	          119 	
      300	          127 	
      301	          162 	
      302	          139 	
      303	          160 	
      304	          169 	
      305	          148 	
      306	          148 	
      307	          150 	
      308	          160 	
      309	          133 	
      310	          158 	
      311	          150 	
      312	          149 	
      313	          152 	
      314	          153 	
      315	          148 	
      316	          140 	
      317	          136 	
      318	          139 	
      319	          143 	
      320	          162 	
      321	          154 	
      322	          158 	
      323	          163 	
      324	          141 	
      325	          156 	
      326	          145 	
      327	          150 	
      328	          141 	
      329	          152 	
      330	          150 	
      331	          127 	
      332	          147 	
      333	          125 	
      334	          146 	
      335	          152 	
      336	          144 	
      337	          146 	
      338	          154 	
      339	          147 	
      340	          153 	
      341	          139 	
      342	          136 	
      343	          154 	
      344	          146 	
      345	          140 	
      346	          126 	
      347	          152 	
      348	          163 	
      349	          147 	
      350	          155 	
      351	          165 	
      352	          143 	
      353	          142 	
      354	          142 	
      355	          125 	
      356	          134 	
      357	          149 	
      358	          137 	
      359	          162 	
      360	          164 	
      361	          144 	
      362	          135 	
      363	          143 	
      364	          135 	
      365	          152 	
      366	          145 	
      367	          149 	
      368	          156 	
      369	          128 	
      370	          148 	
      371	          153 	
      372	          144 	
      373	          141 	
      374	          154 	
      375	          147 	
      376	          157 	
      377	          147 	
      378	          142 	
      379	          133 	
      380	          154 	
      381	          125 	
      382	          161 	
      383	          129 	
      384	          150 	
      385	          162 	
      386	          144 	
      387	          141 	
      388	          143 	
      389	          149 	
      390	          139 	
      391	          157 	
      392	          159 	
      393	          156 	
      394	          131 	
      395	          150 	
      396	          145 	
      397	          121 	
      398	          167 	
      399	          152 	
      400	          140 	
      401	          163 	
      402	          139 	
      403	          146 	
      404	          148 	
      405	          143 	
      406	          152 	
      407	          122 	
      408	          168 	
      409	          129 	
      410	          146 	
      411	          160 	
      412	          157 	
      413	          145 	
      414	          133 	
      415	          152 	
      416	          158 	
      417	          146 	
      418	          144 	
      419	          146 	
      420	          142 	
      421	          130 	
      422	          117 	
      423	          138 	
      424	          135 	
      425	          130 	
      426	          161 	
      427	          145 	
      428	          142 	
      429	          138 	
      430	          137 	
      431	          148 	
      432	          154 	
      433	          173 	
      434	          150 	
      435	          124 	
      436	          145 	
      437	          127 	
      438	          141 	
      439	          126 	
      440	          159 	
      441	          142 	
      442	          140 	
      443	          144 	
      444	          135 	
      445	          149 	
      446	          176 	
      447	          142 	
      448	          138 	
      449	          136 	
      450	          147 	
      451	          142 	
      452	          143 	
      453	          153 	
      454	          132 	
      455	          142 	
      456	          142 	
      457	          151 	
      458	          147 	
      459	          125 	
      460	          138 	
      461	          135 	
      462	          149 	
      463	          137 	
      464	          148 	
      465	          162 	
      466	          138 	
      467	          120 	
      468	          137 	
      469	          126 	
      470	          156 	
      471	          146 	
      472	          129 	
      473	          124 	
      474	          144 	
      475	          130 	
      476	          146 	
      477	          149 	
      478	          127 	
      479	          151 	
      480	          145 	
      481	          167 	
      482	          143 	
      483	          147 	
      484	          143 	
      485	          141 	
      486	          152 	
      487	          152 	
      488	          170 	
      489	          163 	
      490	          137 	
      491	          145 	
      492	          160 	
      493	          133 	
      494	          131 	
      495	          142 	
      496	          132 	
      497	          133 	
      498	          166 	
      499	          132 	
      500	          166 	
      501	          122 	
      502	          125 	
      503	          137 	
      504	          148 	
      505	          145 	
      506	          120 	
      507	          162 	
      508	          127 	
      509	          159 	
      510	          160 	
      511	          147 	
      512	          133 	
      513	          153 	
      514	          149 	
      515	          140 	
      516	          136 	
      517	          130 	
      518	          126 	
      519	          135 	
      520	          129 	
      521	          149 	
      522	          126 	
      523	          150 	
      524	          161 	
      525	          124 	
      526	          128 	
      527	          157 	
      528	          141 	
      529	          139 	
      530	          144 	
      531	          146 	
      532	          147 	
      533	          141 	
      534	          130 	
      535	          144 	
      536	          156 	
