Thorlabs Single Photon Counter Data Export

Date (YYYY-MM-DD):	2018-07-11
Time (HH:MM:SS):	15:20:07
Device Name:	SPCM50A
Serial Number:	M00451789
GUI Revision:	1.0 Build 2
Driver Revision:	1.0.1
Firmware Revision:	1.0.0

Application settings:
Operating Mode:	Free Running Timed Counter
Bin Length [ms]:	100
Time between Bins [ms]:	0.001
Pulse Blind Time [ns]:	0
Trigger Edge:	non-applicable
Array Measurement:	No
Array Measurement Continuously:	non-applicable
Bins per Array:	non-applicable
Active APD Gating:	No
Fan Off:	No

Bin Number 	Counts per Bin 	Remarks
        1	          150 	
        2	          144 	
        3	          155 	
        4	          144 	
        5	          146 	
        6	          136 	
        7	          139 	
        8	          163 	
        9	          148 	
       10	          151 	
       11	          161 	
       12	          120 	
       13	          142 	
       14	          142 	
       15	          160 	
       16	          147 	
       17	          139 	
       18	          150 	
       19	          143 	
       20	          144 	
       21	          148 	
       22	          161 	
       23	          141 	
       24	          136 	
       25	          139 	
       26	          153 	
       27	          142 	
       28	          127 	
       29	          149 	
       30	          117 	
       31	          139 	
       32	          143 	
       33	          135 	
       34	          159 	
       35	          127 	
       36	          128 	
       37	          149 	
       38	          135 	
       39	          150 	
       40	          146 	
       41	          149 	
       42	          168 	
       43	          138 	
       44	          147 	
       45	          160 	
       46	          163 	
       47	          159 	
       48	          133 	
       49	          130 	
       50	          115 	
       51	          132 	
       52	          123 	
       53	          151 	
       54	          145 	
       55	          136 	
       56	          155 	
       57	          127 	
       58	          150 	
       59	          136 	
       60	          130 	
       61	          122 	
       62	          158 	
       63	          131 	
       64	          145 	
       65	          146 	
       66	          158 	
       67	          150 	
       68	          144 	
       69	          116 	
       70	          139 	
       71	          135 	
       72	          139 	
       73	          151 	
       74	          138 	
       75	          128 	
       76	          141 	
       77	          162 	
       78	          117 	
       79	          134 	
       80	          151 	
       81	          150 	
       82	          145 	
       83	          126 	
       84	          119 	
       85	          140 	
       86	          123 	
       87	          144 	
       88	          134 	
       89	          150 	
       90	          144 	
       91	          197 	
       92	          123 	
       93	          158 	
       94	          130 	
       95	          144 	
       96	          155 	
       97	          106 	
       98	          150 	
       99	          152 	
      100	          142 	
      101	          141 	
      102	          135 	
      103	          161 	
      104	          143 	
      105	          120 	
      106	          135 	
      107	          149 	
      108	          132 	
      109	          145 	
      110	          137 	
      111	          130 	
      112	          146 	
      113	          119 	
      114	          113 	
      115	          129 	
      116	          138 	
      117	          140 	
      118	          152 	
      119	          126 	
      120	          153 	
      121	          137 	
      122	          114 	
      123	          149 	
      124	          126 	
      125	          131 	
      126	          150 	
      127	          135 	
      128	          136 	
      129	          145 	
      130	          155 	
      131	          130 	
      132	          155 	
      133	          164 	
      134	          175 	
      135	          148 	
      136	          161 	
      137	          172 	
      138	          154 	
      139	          155 	
      140	          144 	
      141	          123 	
      142	          163 	
      143	          151 	
      144	          135 	
      145	          147 	
      146	          159 	
      147	          133 	
      148	          156 	
      149	          147 	
      150	          122 	
      151	          136 	
      152	          132 	
      153	          152 	
      154	          131 	
      155	          147 	
      156	          117 	
      157	          157 	
      158	          154 	
      159	          134 	
      160	          156 	
      161	          136 	
      162	          158 	
      163	          146 	
      164	          143 	
      165	          167 	
      166	          140 	
      167	          136 	
      168	          127 	
      169	          170 	
      170	          147 	
      171	          131 	
      172	          149 	
      173	          121 	
      174	          132 	
      175	          151 	
      176	          151 	
      177	          135 	
      178	          139 	
      179	          129 	
      180	          166 	
      181	          145 	
      182	          145 	
      183	          154 	
      184	          123 	
      185	          133 	
      186	          158 	
      187	          144 	
      188	          164 	
      189	          146 	
      190	          130 	
      191	          140 	
      192	          136 	
      193	          127 	
      194	          126 	
      195	          150 	
      196	          157 	
      197	          121 	
      198	          134 	
      199	          138 	
      200	          142 	
      201	          128 	
      202	          148 	
      203	          130 	
      204	          154 	
      205	          159 	
      206	          122 	
      207	          146 	
      208	          143 	
      209	          115 	
      210	          129 	
      211	          145 	
      212	          156 	
      213	          146 	
      214	          144 	
      215	          139 	
      216	          146 	
      217	          145 	
      218	          128 	
      219	          132 	
      220	          135 	
      221	          139 	
      222	          125 	
      223	          140 	
      224	          141 	
      225	          146 	
      226	          161 	
      227	          137 	
      228	          132 	
      229	          147 	
      230	          142 	
      231	          144 	
      232	          138 	
      233	          147 	
      234	          136 	
      235	          143 	
      236	          138 	
      237	          128 	
      238	          150 	
      239	          153 	
      240	          142 	
      241	          130 	
      242	          159 	
      243	          141 	
      244	          137 	
      245	          145 	
      246	          155 	
      247	          150 	
      248	          134 	
      249	          140 	
      250	          130 	
      251	          133 	
      252	          142 	
      253	          130 	
      254	          165 	
      255	          148 	
      256	          132 	
      257	          133 	
      258	          133 	
      259	          150 	
      260	          161 	
      261	          153 	
      262	          142 	
      263	          174 	
      264	          141 	
      265	          157 	
      266	          138 	
      267	          139 	
      268	          137 	
      269	          167 	
      270	          164 	
      271	          143 	
      272	          158 	
      273	          129 	
      274	          145 	
      275	          129 	
      276	          142 	
      277	          160 	
      278	          155 	
      279	          122 	
      280	          148 	
      281	          123 	
      282	          132 	
      283	          137 	
      284	          164 	
      285	          132 	
      286	          158 	
      287	          167 	
      288	          143 	
      289	          134 	
      290	          149 	
      291	          152 	
      292	          140 	
      293	          144 	
      294	          149 	
      295	          167 	
      296	          174 	
      297	          139 	
      298	          146 	
      299	          141 	
      300	          159 	
      301	          150 	
      302	          157 	
      303	          123 	
      304	          142 	
      305	          139 	
      306	          118 	
      307	          153 	
      308	          147 	
      309	          146 	
      310	          144 	
      311	          143 	
      312	          145 	
      313	          166 	
      314	          138 	
      315	          148 	
      316	          142 	
      317	          144 	
      318	          151 	
      319	          135 	
      320	          120 	
      321	          133 	
      322	          134 	
      323	          144 	
      324	          152 	
      325	          144 	
      326	          137 	
      327	          141 	
      328	          134 	
      329	          151 	
      330	          140 	
      331	          167 	
      332	          145 	
      333	          152 	
      334	          142 	
      335	          137 	
      336	          161 	
      337	          141 	
      338	          163 	
      339	          130 	
      340	          148 	
      341	          127 	
      342	          145 	
      343	          156 	
      344	          127 	
      345	          140 	
      346	          159 	
      347	          160 	
      348	          153 	
      349	          149 	
      350	          142 	
      351	          147 	
      352	          136 	
      353	          135 	
      354	          141 	
      355	          143 	
      356	          142 	
      357	          156 	
      358	          164 	
      359	          150 	
      360	          141 	
      361	          151 	
      362	          131 	
      363	          139 	
      364	          149 	
      365	          154 	
      366	          142 	
      367	          129 	
      368	          141 	
      369	          129 	
      370	          129 	
      371	          144 	
      372	          159 	
      373	          146 	
      374	          133 	
      375	          137 	
      376	          129 	
      377	          132 	
      378	          116 	
      379	          145 	
      380	          137 	
      381	          142 	
      382	          157 	
      383	          160 	
      384	          143 	
      385	          146 	
      386	          136 	
      387	          138 	
      388	          161 	
      389	          154 	
      390	          150 	
      391	          147 	
      392	          149 	
      393	          143 	
      394	          163 	
      395	          129 	
      396	          152 	
      397	          127 	
      398	          162 	
      399	          148 	
      400	          166 	
      401	          140 	
      402	          143 	
      403	          155 	
      404	          145 	
      405	          147 	
      406	          144 	
      407	          135 	
      408	          128 	
      409	          136 	
      410	          131 	
      411	          118 	
      412	          144 	
      413	          131 	
      414	          153 	
      415	          144 	
      416	          142 	
      417	          131 	
      418	          150 	
      419	          177 	
      420	          140 	
      421	          141 	
      422	          145 	
      423	          141 	
      424	          129 	
      425	          128 	
      426	          150 	
      427	          148 	
      428	          133 	
      429	          139 	
      430	          141 	
      431	          154 	
      432	          145 	
      433	          135 	
      434	          139 	
      435	          119 	
      436	          129 	
      437	          151 	
      438	          153 	
      439	          140 	
      440	          134 	
      441	          132 	
      442	          149 	
      443	          126 	
      444	          130 	
      445	          137 	
      446	          129 	
      447	          131 	
      448	          126 	
      449	          135 	
      450	          154 	
      451	          134 	
      452	          129 	
      453	          126 	
      454	          117 	
      455	          149 	
      456	          139 	
      457	          152 	
      458	          131 	
      459	          143 	
      460	          137 	
      461	          121 	
      462	          138 	
      463	          160 	
      464	          159 	
      465	          154 	
      466	          143 	
      467	          137 	
      468	          134 	
      469	          147 	
      470	          126 	
      471	          163 	
      472	          130 	
      473	          169 	
      474	          146 	
      475	          159 	
      476	          138 	
      477	          148 	
      478	          138 	
      479	          119 	
      480	          153 	
      481	          128 	
      482	          143 	
      483	          133 	
      484	          154 	
      485	          148 	
      486	          115 	
      487	          154 	
      488	          166 	
      489	          155 	
      490	          138 	
      491	          139 	
      492	          180 	
      493	          170 	
      494	          144 	
      495	          141 	
      496	          125 	
      497	          140 	
      498	          142 	
      499	          147 	
      500	          134 	
      501	          159 	
      502	          144 	
      503	          137 	
      504	          131 	
      505	          137 	
      506	          136 	
      507	          142 	
      508	          151 	
      509	          127 	
      510	          124 	
      511	          135 	
      512	          158 	
      513	          157 	
      514	          164 	
      515	          163 	
      516	          143 	
      517	          154 	
      518	          134 	
      519	          146 	
      520	          148 	
      521	          143 	
      522	          133 	
      523	          138 	
      524	          150 	
      525	          156 	
      526	          165 	
      527	          136 	
      528	          145 	
      529	          135 	
      530	          153 	
      531	          121 	
      532	          140 	
      533	          124 	
      534	          134 	
      535	          131 	
      536	          139 	
      537	          134 	
      538	          118 	
      539	          182 	
      540	          174 	
      541	          156 	
      542	          130 	
      543	          140 	
      544	          138 	
      545	          158 	
      546	          139 	
      547	          131 	
      548	          138 	
      549	          139 	
      550	          142 	
      551	          140 	
      552	          134 	
      553	          154 	
      554	          144 	
      555	          154 	
      556	          161 	
      557	          157 	
      558	          157 	
      559	          152 	
      560	          188 	
      561	          147 	
      562	          131 	
      563	          131 	
      564	          132 	
      565	          127 	
      566	          129 	
      567	          124 	
      568	          170 	
      569	          159 	
      570	          138 	
      571	          151 	
      572	          131 	
      573	          141 	
      574	          127 	
      575	          158 	
      576	          147 	
      577	          153 	
      578	          151 	
      579	          150 	
      580	          169 	
      581	          131 	
      582	          178 	
      583	          153 	
      584	          164 	
      585	          146 	
      586	          132 	
      587	          141 	
      588	          177 	
      589	          161 	
      590	          145 	
      591	          166 	
      592	          150 	
      593	          161 	
      594	          149 	
      595	          165 	
      596	          150 	
      597	          162 	
      598	          149 	
      599	          154 	
      600	          170 	
      601	          123 	
      602	          140 	
      603	          116 	
      604	          148 	
      605	          150 	
      606	          142 	
      607	          137 	
      608	          160 	
      609	          140 	
      610	          133 	
      611	          158 	
      612	          132 	
      613	          142 	
      614	          123 	
      615	          142 	
      616	          152 	
      617	          144 	
      618	          160 	
