Thorlabs Single Photon Counter Data Export

Date (YYYY-MM-DD):	2018-07-11
Time (HH:MM:SS):	15:06:01
Device Name:	SPCM50A
Serial Number:	M00451789
GUI Revision:	1.0 Build 2
Driver Revision:	1.0.1
Firmware Revision:	1.0.0

Application settings:
Operating Mode:	Free Running Timed Counter
Bin Length [ms]:	100
Time between Bins [ms]:	0.001
Pulse Blind Time [ns]:	0
Trigger Edge:	non-applicable
Array Measurement:	No
Array Measurement Continuously:	non-applicable
Bins per Array:	non-applicable
Active APD Gating:	No
Fan Off:	No

Bin Number 	Counts per Bin 	Remarks
        1	          213 	
        2	          234 	
        3	          219 	
        4	          213 	
        5	          231 	
        6	          215 	
        7	          222 	
        8	          200 	
        9	          230 	
       10	          231 	
       11	          226 	
       12	          229 	
       13	          218 	
       14	          231 	
       15	          232 	
       16	          221 	
       17	          239 	
       18	          237 	
       19	          225 	
       20	          211 	
       21	          240 	
       22	          216 	
       23	          174 	
       24	          255 	
       25	          199 	
       26	          215 	
       27	          224 	
       28	          179 	
       29	          179 	
       30	          214 	
       31	          229 	
       32	          227 	
       33	          214 	
       34	          214 	
       35	          221 	
       36	          196 	
       37	          209 	
       38	          212 	
       39	          208 	
       40	          222 	
       41	          220 	
       42	          224 	
       43	          206 	
       44	          246 	
       45	          210 	
       46	          224 	
       47	          199 	
       48	          227 	
       49	          205 	
       50	          220 	
       51	          189 	
       52	          218 	
       53	          246 	
       54	          219 	
       55	          248 	
       56	          190 	
       57	          224 	
       58	          215 	
       59	          263 	
       60	          235 	
       61	          241 	
       62	          219 	
       63	          204 	
       64	          227 	
       65	          216 	
       66	          205 	
       67	          174 	
       68	          241 	
       69	          200 	
       70	          192 	
       71	          219 	
       72	          176 	
       73	          244 	
       74	          232 	
       75	          215 	
       76	          230 	
       77	          239 	
       78	          213 	
       79	          211 	
       80	          213 	
       81	          252 	
       82	          238 	
       83	          214 	
       84	          229 	
       85	          223 	
       86	          238 	
       87	          222 	
       88	          208 	
       89	          205 	
       90	          218 	
       91	          206 	
       92	          221 	
       93	          214 	
       94	          231 	
       95	          211 	
       96	          225 	
       97	          221 	
       98	          210 	
       99	          196 	
      100	          209 	
      101	          224 	
      102	          200 	
      103	          193 	
      104	          234 	
      105	          226 	
      106	          185 	
      107	          223 	
      108	          180 	
      109	          214 	
      110	          197 	
      111	          193 	
      112	          218 	
      113	          229 	
      114	          198 	
      115	          229 	
      116	          251 	
      117	          203 	
      118	          204 	
      119	          235 	
      120	          219 	
      121	          238 	
      122	          230 	
      123	          221 	
      124	          210 	
      125	          235 	
      126	          186 	
      127	          212 	
      128	          218 	
      129	          229 	
      130	          228 	
      131	          239 	
      132	          219 	
      133	          234 	
      134	          223 	
      135	          222 	
      136	          234 	
      137	          231 	
      138	          211 	
      139	          233 	
      140	          216 	
      141	          194 	
      142	          228 	
      143	          227 	
      144	          204 	
      145	          217 	
      146	          188 	
      147	          203 	
      148	          207 	
      149	          205 	
      150	          200 	
      151	          215 	
      152	          190 	
      153	          224 	
      154	          216 	
      155	          219 	
      156	          237 	
      157	          200 	
      158	          214 	
      159	          214 	
      160	          198 	
      161	          219 	
      162	          229 	
      163	          224 	
      164	          229 	
      165	          245 	
      166	          212 	
      167	          226 	
      168	          212 	
      169	          221 	
      170	          201 	
      171	          201 	
      172	          221 	
      173	          265 	
      174	          222 	
      175	          212 	
      176	          207 	
      177	          241 	
      178	          190 	
      179	          200 	
      180	          202 	
      181	          224 	
      182	          235 	
      183	          228 	
      184	          236 	
      185	          210 	
      186	          224 	
      187	          223 	
      188	          210 	
      189	          227 	
      190	          257 	
      191	          223 	
      192	          229 	
      193	          217 	
      194	          211 	
      195	          240 	
      196	          208 	
      197	          205 	
      198	          212 	
      199	          214 	
      200	          206 	
      201	          220 	
      202	          221 	
      203	          223 	
      204	          208 	
      205	          200 	
      206	          205 	
      207	          237 	
      208	          242 	
      209	          199 	
      210	          219 	
      211	          239 	
      212	          230 	
      213	          210 	
      214	          202 	
      215	          221 	
      216	          221 	
      217	          207 	
      218	          215 	
      219	          222 	
      220	          232 	
      221	          217 	
      222	          208 	
      223	          211 	
      224	          221 	
      225	          232 	
      226	          234 	
      227	          225 	
      228	          196 	
      229	          194 	
      230	          215 	
      231	          219 	
      232	          177 	
      233	          196 	
      234	          203 	
      235	          226 	
      236	          211 	
      237	          200 	
      238	          233 	
      239	          226 	
      240	          221 	
      241	          247 	
      242	          244 	
      243	          241 	
      244	          235 	
      245	          215 	
      246	          216 	
      247	          214 	
      248	          214 	
      249	          228 	
      250	          220 	
      251	          219 	
      252	          219 	
      253	          203 	
      254	          219 	
      255	          240 	
      256	          196 	
      257	          215 	
      258	          239 	
      259	          237 	
      260	          211 	
      261	          234 	
      262	          198 	
      263	          194 	
      264	          223 	
      265	          198 	
      266	          212 	
      267	          192 	
      268	          206 	
      269	          215 	
      270	          188 	
      271	          200 	
      272	          220 	
      273	          220 	
      274	          221 	
      275	          218 	
      276	          193 	
      277	          224 	
      278	          200 	
      279	          202 	
      280	          205 	
      281	          228 	
      282	          232 	
      283	          217 	
      284	          222 	
      285	          206 	
      286	          215 	
      287	          196 	
      288	          230 	
      289	          206 	
      290	          205 	
      291	          209 	
      292	          197 	
      293	          207 	
      294	          210 	
      295	          196 	
      296	          197 	
      297	          181 	
      298	          187 	
      299	          241 	
      300	          217 	
      301	          211 	
      302	          214 	
      303	          222 	
      304	          218 	
      305	          199 	
      306	          218 	
      307	          229 	
      308	          247 	
      309	          221 	
      310	          206 	
      311	          234 	
      312	          207 	
      313	          215 	
      314	          216 	
      315	          194 	
      316	          232 	
      317	          187 	
      318	          248 	
      319	          209 	
      320	          189 	
      321	          233 	
      322	          230 	
      323	          244 	
      324	          218 	
      325	          222 	
      326	          220 	
      327	          244 	
      328	          209 	
      329	          214 	
      330	          217 	
      331	          199 	
      332	          209 	
      333	          189 	
      334	          189 	
      335	          219 	
      336	          217 	
      337	          203 	
      338	          191 	
      339	          205 	
      340	          211 	
      341	          212 	
      342	          215 	
      343	          199 	
      344	          206 	
      345	          209 	
      346	          215 	
      347	          215 	
      348	          212 	
      349	          219 	
      350	          214 	
      351	          226 	
      352	          219 	
      353	          223 	
      354	          204 	
      355	          192 	
      356	          226 	
      357	          240 	
      358	          225 	
      359	          240 	
      360	          211 	
      361	          209 	
      362	          238 	
      363	          227 	
      364	          228 	
      365	          219 	
      366	          222 	
      367	          224 	
      368	          209 	
      369	          221 	
      370	          217 	
      371	          209 	
      372	          238 	
      373	          214 	
      374	          207 	
      375	          235 	
      376	          229 	
      377	          221 	
      378	          238 	
      379	          229 	
      380	          189 	
      381	          218 	
      382	          232 	
      383	          185 	
      384	          195 	
      385	          223 	
      386	          213 	
      387	          220 	
      388	          214 	
      389	          204 	
      390	          233 	
      391	          217 	
      392	          220 	
      393	          206 	
      394	          195 	
      395	          214 	
      396	          233 	
      397	          250 	
      398	          217 	
      399	          245 	
      400	          224 	
      401	          239 	
      402	          212 	
      403	          218 	
      404	          195 	
      405	          214 	
      406	          241 	
      407	          232 	
      408	          204 	
      409	          222 	
      410	          213 	
      411	          224 	
      412	          216 	
      413	          223 	
      414	          239 	
      415	          220 	
      416	          185 	
      417	          213 	
      418	          212 	
      419	          209 	
      420	          214 	
      421	          240 	
      422	          231 	
      423	          240 	
      424	          217 	
      425	          185 	
      426	          209 	
      427	          202 	
      428	          178 	
      429	          210 	
      430	          218 	
      431	          201 	
      432	          217 	
      433	          215 	
      434	          222 	
      435	          238 	
      436	          218 	
      437	          202 	
      438	          200 	
      439	          241 	
      440	          202 	
      441	          226 	
      442	          247 	
      443	          245 	
      444	          221 	
      445	          235 	
      446	          210 	
      447	          206 	
      448	          213 	
      449	          224 	
      450	          199 	
      451	          224 	
      452	          220 	
      453	          174 	
      454	          216 	
      455	          243 	
      456	          249 	
      457	          235 	
      458	          217 	
      459	          240 	
      460	          230 	
      461	          211 	
      462	          184 	
      463	          193 	
      464	          231 	
      465	          225 	
      466	          222 	
      467	          218 	
      468	          225 	
      469	          222 	
      470	          242 	
      471	          200 	
      472	          212 	
      473	          220 	
      474	          200 	
      475	          195 	
      476	          225 	
      477	          194 	
      478	          239 	
      479	          237 	
      480	          213 	
      481	          250 	
      482	          224 	
      483	          229 	
      484	          191 	
      485	          212 	
      486	          246 	
      487	          221 	
      488	          235 	
      489	          241 	
      490	          205 	
      491	          205 	
      492	          209 	
      493	          223 	
      494	          201 	
      495	          231 	
      496	          208 	
      497	          238 	
      498	          210 	
      499	          248 	
      500	          220 	
      501	          237 	
      502	          222 	
      503	          194 	
      504	          263 	
      505	          243 	
