Thorlabs Single Photon Counter Data Export

Date (YYYY-MM-DD):	2018-06-26
Time (HH:MM:SS):	14:23:14
Device Name:	SPCM50A
Serial Number:	M00451789
GUI Revision:	1.0 Build 2
Driver Revision:	1.0.1
Firmware Revision:	1.0.0

Application settings:
Operating Mode:	Free Running Timed Counter
Bin Length [ms]:	100
Time between Bins [ms]:	0.001
Pulse Blind Time [ns]:	0
Trigger Edge:	non-applicable
Array Measurement:	No
Array Measurement Continuously:	non-applicable
Bins per Array:	non-applicable
Active APD Gating:	No
Fan Off:	No

Bin Number 	Counts per Bin 	Remarks
        1	           85 	
        2	           94 	
        3	           96 	
        4	          101 	
        5	           90 	
        6	           78 	
        7	          103 	
        8	           79 	
        9	           87 	
       10	           76 	
       11	           88 	
       12	          101 	
       13	          101 	
       14	           88 	
       15	           92 	
       16	           86 	
       17	           90 	
       18	           92 	
       19	           88 	
       20	           89 	
       21	           95 	
       22	           88 	
       23	           80 	
       24	          113 	
       25	          101 	
       26	           83 	
       27	           81 	
       28	           73 	
       29	           97 	
       30	           95 	
       31	           98 	
       32	           80 	
       33	           95 	
       34	           75 	
       35	           84 	
       36	           77 	
       37	           76 	
       38	          104 	
       39	           93 	
       40	          109 	
       41	          101 	
       42	          110 	
       43	           89 	
       44	           75 	
       45	           76 	
       46	           74 	
       47	           87 	
       48	           86 	
       49	           84 	
       50	           94 	
       51	           86 	
       52	          101 	
       53	           99 	
       54	           97 	
       55	           99 	
       56	           90 	
       57	           93 	
       58	          100 	
       59	           96 	
       60	          104 	
       61	           94 	
       62	           96 	
       63	           88 	
       64	           89 	
       65	           85 	
       66	          100 	
       67	           86 	
       68	          102 	
       69	           97 	
       70	           91 	
       71	           87 	
       72	           96 	
       73	          100 	
       74	           71 	
       75	           89 	
       76	           75 	
       77	           94 	
       78	           84 	
       79	           98 	
       80	          100 	
       81	           81 	
       82	           81 	
       83	           79 	
       84	           67 	
       85	          100 	
       86	          100 	
       87	           87 	
       88	           83 	
       89	           94 	
       90	           90 	
       91	           77 	
       92	           85 	
       93	           93 	
       94	          107 	
       95	           81 	
       96	           87 	
       97	          105 	
       98	           78 	
       99	           93 	
      100	          102 	
      101	          104 	
      102	           82 	
      103	           93 	
      104	           75 	
      105	           85 	
      106	           91 	
      107	           94 	
      108	           88 	
      109	           84 	
      110	          105 	
      111	           90 	
      112	           72 	
      113	           80 	
      114	           73 	
      115	           78 	
      116	           92 	
      117	           91 	
      118	           98 	
      119	           89 	
      120	          102 	
      121	           92 	
      122	           72 	
      123	          104 	
      124	           81 	
      125	           90 	
      126	           87 	
      127	           87 	
      128	           71 	
      129	           89 	
      130	           81 	
      131	           86 	
      132	           88 	
      133	           82 	
      134	           96 	
      135	           77 	
      136	           95 	
      137	           88 	
      138	          111 	
      139	           93 	
      140	           84 	
      141	          102 	
      142	           91 	
      143	           91 	
      144	          105 	
      145	           99 	
      146	           90 	
      147	           91 	
      148	           74 	
      149	           84 	
      150	           90 	
      151	           90 	
      152	          100 	
      153	           92 	
      154	          101 	
      155	           70 	
      156	          103 	
      157	          105 	
      158	           93 	
      159	           87 	
      160	          107 	
      161	           88 	
      162	           82 	
      163	          104 	
      164	           82 	
      165	           89 	
      166	           86 	
      167	           96 	
      168	           95 	
      169	           74 	
      170	           93 	
      171	           97 	
      172	           81 	
      173	           91 	
      174	           79 	
      175	           95 	
      176	           94 	
      177	           96 	
      178	          111 	
      179	           94 	
      180	           79 	
      181	          117 	
      182	          104 	
      183	          105 	
      184	           77 	
      185	           96 	
      186	           87 	
      187	          101 	
      188	           98 	
      189	           85 	
      190	           93 	
      191	           99 	
      192	          101 	
      193	           91 	
      194	           86 	
      195	           91 	
      196	           96 	
      197	           92 	
      198	           88 	
      199	           95 	
      200	           86 	
      201	          103 	
      202	           81 	
      203	           98 	
      204	           78 	
      205	           71 	
      206	           98 	
      207	           79 	
      208	           84 	
      209	           89 	
      210	          104 	
      211	           81 	
      212	           76 	
      213	           96 	
      214	           82 	
      215	          125 	
      216	           94 	
      217	           81 	
      218	           91 	
      219	           95 	
      220	          119 	
      221	           87 	
      222	           94 	
      223	          106 	
      224	           90 	
      225	           79 	
      226	           93 	
      227	           94 	
      228	           93 	
      229	           78 	
      230	           85 	
      231	           97 	
      232	           94 	
      233	          104 	
      234	           82 	
      235	           84 	
      236	           95 	
      237	           89 	
      238	           88 	
      239	           86 	
      240	          106 	
      241	           80 	
      242	           90 	
      243	           92 	
      244	           75 	
      245	           75 	
      246	           93 	
      247	           84 	
      248	           90 	
      249	           82 	
      250	           84 	
      251	           83 	
      252	           90 	
      253	           85 	
      254	           92 	
      255	           88 	
      256	           92 	
      257	           92 	
      258	           83 	
      259	           87 	
      260	           89 	
      261	           80 	
      262	           88 	
      263	           96 	
      264	           83 	
      265	           84 	
      266	           90 	
      267	           90 	
      268	          108 	
      269	          106 	
      270	           76 	
      271	           89 	
      272	           97 	
      273	          100 	
      274	           98 	
      275	          108 	
      276	           84 	
      277	           79 	
      278	           83 	
      279	           74 	
      280	           83 	
      281	           77 	
      282	           95 	
      283	           83 	
      284	          102 	
      285	           68 	
      286	           82 	
      287	           74 	
      288	           80 	
      289	           99 	
      290	           96 	
      291	           88 	
      292	           86 	
      293	           79 	
      294	           93 	
      295	           93 	
      296	           85 	
      297	           75 	
      298	           77 	
      299	           85 	
      300	           92 	
      301	           91 	
      302	           76 	
      303	           83 	
      304	          107 	
      305	          121 	
      306	           85 	
      307	           77 	
      308	           88 	
      309	          101 	
      310	           83 	
      311	           84 	
      312	           80 	
      313	          104 	
      314	           72 	
      315	           84 	
      316	           82 	
      317	           90 	
      318	           80 	
      319	          100 	
      320	           83 	
      321	          104 	
      322	           88 	
      323	           85 	
      324	          104 	
      325	           85 	
      326	          108 	
      327	           91 	
      328	           95 	
      329	           83 	
      330	           86 	
      331	           82 	
      332	           82 	
      333	          114 	
      334	           99 	
      335	           87 	
      336	          109 	
      337	           92 	
      338	           89 	
      339	           90 	
      340	           82 	
      341	           98 	
      342	           92 	
      343	           96 	
      344	           96 	
      345	           95 	
      346	           78 	
      347	           93 	
      348	           91 	
      349	           75 	
      350	           81 	
      351	           94 	
      352	           88 	
      353	           85 	
      354	          103 	
      355	           88 	
      356	           95 	
      357	           89 	
      358	           90 	
      359	           89 	
      360	           92 	
      361	           85 	
      362	           86 	
      363	           88 	
      364	           89 	
      365	          108 	
      366	           89 	
      367	           88 	
      368	           77 	
      369	           88 	
      370	           90 	
      371	          100 	
      372	           89 	
      373	          104 	
      374	           75 	
      375	           77 	
      376	           68 	
      377	           99 	
      378	           88 	
      379	           88 	
      380	          101 	
      381	           68 	
      382	           85 	
      383	           89 	
      384	          106 	
      385	           93 	
      386	          107 	
      387	          112 	
      388	          122 	
      389	           82 	
      390	           81 	
      391	          101 	
      392	           75 	
      393	          100 	
      394	           89 	
      395	           84 	
      396	           75 	
      397	           93 	
      398	          108 	
      399	           80 	
      400	          104 	
      401	           88 	
      402	           97 	
      403	           87 	
      404	           96 	
      405	           62 	
      406	          100 	
      407	           79 	
      408	          113 	
      409	           88 	
      410	           93 	
      411	           93 	
      412	           89 	
      413	           81 	
      414	           78 	
      415	           81 	
      416	           87 	
      417	           98 	
      418	           85 	
      419	           84 	
      420	           79 	
      421	          106 	
      422	          100 	
      423	           82 	
      424	           87 	
      425	           82 	
      426	           82 	
      427	           78 	
      428	           97 	
      429	           89 	
      430	           88 	
      431	           71 	
      432	           89 	
      433	           85 	
      434	           82 	
      435	           87 	
      436	          102 	
      437	          107 	
      438	           95 	
      439	           91 	
      440	          109 	
      441	           90 	
      442	           90 	
      443	           88 	
      444	           92 	
      445	           90 	
      446	          102 	
      447	           86 	
      448	           74 	
      449	           84 	
      450	           82 	
      451	           95 	
      452	           87 	
      453	           86 	
      454	           83 	
      455	           82 	
      456	          113 	
      457	           97 	
      458	           96 	
      459	           91 	
      460	           88 	
      461	           92 	
      462	           79 	
      463	           96 	
      464	           77 	
      465	           96 	
      466	           79 	
      467	           71 	
      468	           95 	
      469	           87 	
      470	           73 	
      471	           81 	
      472	           95 	
      473	           75 	
      474	           73 	
      475	           77 	
      476	           94 	
      477	           84 	
      478	           96 	
      479	           98 	
      480	           74 	
      481	           81 	
      482	           99 	
      483	           84 	
      484	           80 	
      485	           87 	
      486	          106 	
      487	           94 	
      488	           93 	
      489	          103 	
      490	           99 	
      491	           86 	
      492	           83 	
      493	           71 	
      494	           95 	
      495	           85 	
      496	           92 	
      497	           80 	
      498	           71 	
      499	          105 	
      500	           92 	
      501	           86 	
      502	          112 	
      503	           80 	
      504	           83 	
