Thorlabs Single Photon Counter Data Export

Date (YYYY-MM-DD):	2018-06-26
Time (HH:MM:SS):	14:31:27
Device Name:	SPCM50A
Serial Number:	M00451789
GUI Revision:	1.0 Build 2
Driver Revision:	1.0.1
Firmware Revision:	1.0.0

Application settings:
Operating Mode:	Free Running Timed Counter
Bin Length [ms]:	100
Time between Bins [ms]:	0.001
Pulse Blind Time [ns]:	0
Trigger Edge:	non-applicable
Array Measurement:	No
Array Measurement Continuously:	non-applicable
Bins per Array:	non-applicable
Active APD Gating:	No
Fan Off:	No

Bin Number 	Counts per Bin 	Remarks
        1	          117 	
        2	          103 	
        3	           94 	
        4	          107 	
        5	          102 	
        6	           93 	
        7	           89 	
        8	          109 	
        9	          104 	
       10	           94 	
       11	           89 	
       12	           99 	
       13	          111 	
       14	          103 	
       15	          101 	
       16	           80 	
       17	           96 	
       18	          102 	
       19	          115 	
       20	          118 	
       21	          106 	
       22	          102 	
       23	          109 	
       24	          110 	
       25	          109 	
       26	          111 	
       27	           95 	
       28	           90 	
       29	          107 	
       30	          113 	
       31	          112 	
       32	          129 	
       33	          106 	
       34	           90 	
       35	           93 	
       36	          103 	
       37	           87 	
       38	          110 	
       39	          112 	
       40	          116 	
       41	           86 	
       42	          114 	
       43	          100 	
       44	          100 	
       45	          105 	
       46	           84 	
       47	          111 	
       48	          107 	
       49	           91 	
       50	           98 	
       51	          108 	
       52	           98 	
       53	          111 	
       54	          104 	
       55	          113 	
       56	          103 	
       57	          111 	
       58	           88 	
       59	          104 	
       60	           97 	
       61	          112 	
       62	           97 	
       63	           89 	
       64	           87 	
       65	           94 	
       66	          107 	
       67	           93 	
       68	           94 	
       69	          101 	
       70	          106 	
       71	           93 	
       72	          117 	
       73	          109 	
       74	           97 	
       75	          112 	
       76	          113 	
       77	           89 	
       78	          101 	
       79	           99 	
       80	           90 	
       81	          116 	
       82	           96 	
       83	          114 	
       84	           98 	
       85	           90 	
       86	           93 	
       87	          119 	
       88	          110 	
       89	          103 	
       90	           92 	
       91	          108 	
       92	           96 	
       93	           91 	
       94	          119 	
       95	          134 	
       96	          107 	
       97	          102 	
       98	           97 	
       99	           97 	
      100	           97 	
      101	          119 	
      102	          120 	
      103	           99 	
      104	          110 	
      105	          100 	
      106	          119 	
      107	          111 	
      108	          113 	
      109	          100 	
      110	          107 	
      111	          102 	
      112	           99 	
      113	          106 	
      114	           95 	
      115	          127 	
      116	           91 	
      117	           91 	
      118	           90 	
      119	          103 	
      120	          114 	
      121	          103 	
      122	          118 	
      123	           97 	
      124	          117 	
      125	          100 	
      126	          103 	
      127	           98 	
      128	          107 	
      129	          109 	
      130	           94 	
      131	          102 	
      132	          122 	
      133	          100 	
      134	          101 	
      135	          107 	
      136	           98 	
      137	           91 	
      138	           86 	
      139	          102 	
      140	           96 	
      141	          112 	
      142	          119 	
      143	           99 	
      144	          112 	
      145	          103 	
      146	          101 	
      147	          125 	
      148	          102 	
      149	          100 	
      150	           88 	
      151	          101 	
      152	           95 	
      153	           94 	
      154	           95 	
      155	           90 	
      156	           97 	
      157	          117 	
      158	          112 	
      159	           95 	
      160	           75 	
      161	          104 	
      162	          110 	
      163	          103 	
      164	          113 	
      165	          102 	
      166	           88 	
      167	           93 	
      168	          102 	
      169	           94 	
      170	          108 	
      171	          112 	
      172	          108 	
      173	           95 	
      174	          113 	
      175	           98 	
      176	          101 	
      177	           87 	
      178	          102 	
      179	          112 	
      180	          113 	
      181	          111 	
      182	           99 	
      183	          111 	
      184	          101 	
      185	           84 	
      186	          117 	
      187	          107 	
      188	          115 	
      189	           99 	
      190	           92 	
      191	          110 	
      192	           90 	
      193	           81 	
      194	          115 	
      195	          103 	
      196	           91 	
      197	          110 	
      198	           86 	
      199	          103 	
      200	          109 	
      201	           93 	
      202	          100 	
      203	           88 	
      204	          110 	
      205	          136 	
      206	           92 	
      207	           98 	
      208	           98 	
      209	          111 	
      210	          100 	
      211	           99 	
      212	          104 	
      213	          117 	
      214	           91 	
      215	          104 	
      216	           86 	
      217	           88 	
      218	          101 	
      219	           92 	
      220	          112 	
      221	          113 	
      222	           96 	
      223	           98 	
      224	           87 	
      225	          103 	
      226	           95 	
      227	           90 	
      228	          110 	
      229	          106 	
      230	           79 	
      231	          103 	
      232	          105 	
      233	           94 	
      234	           99 	
      235	          110 	
      236	           99 	
      237	           97 	
      238	          109 	
      239	          127 	
      240	          114 	
      241	           97 	
      242	          102 	
      243	           76 	
      244	          115 	
      245	          111 	
      246	          118 	
      247	          101 	
      248	           89 	
      249	          106 	
      250	          109 	
      251	          122 	
      252	           79 	
      253	           96 	
      254	          113 	
      255	          103 	
      256	           97 	
      257	          101 	
      258	          103 	
      259	           98 	
      260	          109 	
      261	          101 	
      262	           95 	
      263	          115 	
      264	          114 	
      265	           90 	
      266	          120 	
      267	          108 	
      268	          119 	
      269	          110 	
      270	           95 	
      271	           91 	
      272	           99 	
      273	          101 	
      274	           91 	
      275	           93 	
      276	          106 	
      277	          100 	
      278	           94 	
      279	          102 	
      280	          100 	
      281	           87 	
      282	          114 	
      283	           95 	
      284	           97 	
      285	          110 	
      286	          110 	
      287	           88 	
      288	          103 	
      289	          110 	
      290	           96 	
      291	          100 	
      292	          106 	
      293	          101 	
      294	          102 	
      295	          108 	
      296	           97 	
      297	          107 	
      298	          102 	
      299	          104 	
      300	           99 	
      301	          113 	
      302	          120 	
      303	          106 	
      304	           88 	
      305	          118 	
      306	           89 	
      307	           94 	
      308	          115 	
      309	          101 	
      310	           98 	
      311	           90 	
      312	          109 	
      313	          128 	
      314	          106 	
      315	          104 	
      316	          109 	
      317	          101 	
      318	          106 	
      319	          121 	
      320	           88 	
      321	          120 	
      322	          104 	
      323	           94 	
      324	          128 	
      325	          105 	
      326	          108 	
      327	          105 	
      328	          104 	
      329	           95 	
      330	          101 	
      331	          123 	
      332	          117 	
      333	           95 	
      334	          127 	
      335	          123 	
      336	          114 	
      337	          108 	
      338	           80 	
      339	          114 	
      340	          109 	
      341	           89 	
      342	          107 	
      343	          114 	
      344	          107 	
      345	           94 	
      346	          115 	
      347	          112 	
      348	          100 	
      349	          123 	
      350	          111 	
      351	          104 	
      352	           97 	
      353	           91 	
      354	          118 	
      355	          111 	
      356	          102 	
      357	          127 	
      358	           93 	
      359	          110 	
      360	          110 	
      361	          105 	
      362	          102 	
      363	           98 	
      364	          100 	
      365	          106 	
      366	          114 	
      367	          104 	
      368	          118 	
      369	           93 	
      370	          107 	
      371	           88 	
      372	          116 	
      373	          120 	
      374	          107 	
      375	           98 	
      376	          127 	
      377	           98 	
      378	          109 	
      379	           94 	
      380	           87 	
      381	          102 	
      382	          113 	
      383	           95 	
      384	           90 	
      385	           91 	
      386	          108 	
      387	          101 	
      388	           99 	
      389	          110 	
      390	           93 	
      391	          119 	
      392	          119 	
      393	           94 	
      394	          100 	
      395	           97 	
      396	          107 	
      397	          100 	
      398	           93 	
      399	          107 	
      400	          106 	
      401	          127 	
      402	          107 	
      403	          124 	
      404	          113 	
      405	          108 	
      406	          113 	
      407	          110 	
      408	          105 	
      409	           84 	
      410	           95 	
      411	           97 	
      412	           88 	
      413	           90 	
      414	           97 	
      415	           96 	
      416	          104 	
      417	          108 	
      418	           90 	
      419	          112 	
      420	          104 	
      421	          100 	
      422	          113 	
      423	           95 	
      424	           99 	
      425	           93 	
      426	           96 	
      427	           92 	
      428	          102 	
      429	          115 	
      430	          106 	
      431	           90 	
      432	           94 	
      433	          101 	
      434	           85 	
      435	          109 	
      436	          116 	
      437	          122 	
      438	          114 	
      439	          107 	
      440	          103 	
      441	          111 	
      442	          108 	
      443	          113 	
      444	           94 	
      445	          106 	
      446	          111 	
      447	           87 	
      448	          122 	
      449	           98 	
      450	          118 	
      451	          116 	
      452	           94 	
      453	          105 	
      454	           97 	
      455	           96 	
      456	           93 	
      457	          115 	
      458	           84 	
      459	          105 	
      460	          107 	
      461	           89 	
      462	          107 	
      463	          130 	
      464	          104 	
      465	           96 	
      466	          102 	
      467	          111 	
      468	          119 	
      469	          102 	
      470	          110 	
      471	          100 	
      472	          100 	
      473	           96 	
      474	           86 	
      475	          109 	
      476	           91 	
      477	           98 	
      478	          106 	
      479	          107 	
      480	           87 	
      481	           92 	
      482	           93 	
      483	           90 	
      484	          105 	
      485	           82 	
      486	          108 	
      487	           99 	
      488	           97 	
      489	           94 	
      490	          106 	
      491	           92 	
      492	          103 	
      493	           91 	
      494	          125 	
      495	           97 	
      496	           96 	
      497	          102 	
      498	          105 	
      499	          106 	
      500	          102 	
      501	           96 	
      502	          109 	
      503	          111 	
      504	           95 	
      505	           98 	
      506	          103 	
      507	           91 	
