Thorlabs Single Photon Counter Data Export

Date (YYYY-MM-DD):	2018-06-26
Time (HH:MM:SS):	15:05:23
Device Name:	SPCM50A
Serial Number:	M00451789
GUI Revision:	1.0 Build 2
Driver Revision:	1.0.1
Firmware Revision:	1.0.0

Application settings:
Operating Mode:	Free Running Timed Counter
Bin Length [ms]:	100
Time between Bins [ms]:	0.001
Pulse Blind Time [ns]:	0
Trigger Edge:	non-applicable
Array Measurement:	No
Array Measurement Continuously:	non-applicable
Bins per Array:	non-applicable
Active APD Gating:	No
Fan Off:	No

Bin Number 	Counts per Bin 	Remarks
        1	           59 	
        2	           68 	
        3	           70 	
        4	           71 	
        5	           64 	
        6	           68 	
        7	           47 	
        8	           67 	
        9	           62 	
       10	           57 	
       11	           78 	
       12	           67 	
       13	           74 	
       14	           63 	
       15	           85 	
       16	           78 	
       17	           83 	
       18	           75 	
       19	           74 	
       20	           56 	
       21	           63 	
       22	           55 	
       23	           48 	
       24	           70 	
       25	           61 	
       26	           67 	
       27	           71 	
       28	           62 	
       29	           64 	
       30	           69 	
       31	           66 	
       32	           63 	
       33	           68 	
       34	           73 	
       35	           73 	
       36	           63 	
       37	           55 	
       38	           64 	
       39	           61 	
       40	           64 	
       41	           70 	
       42	           75 	
       43	           56 	
       44	           59 	
       45	           62 	
       46	           70 	
       47	           67 	
       48	           58 	
       49	           61 	
       50	           64 	
       51	           60 	
       52	           61 	
       53	           82 	
       54	           53 	
       55	           57 	
       56	           61 	
       57	           74 	
       58	           76 	
       59	           78 	
       60	           62 	
       61	           59 	
       62	           52 	
       63	           74 	
       64	           52 	
       65	           72 	
       66	           81 	
       67	           70 	
       68	           58 	
       69	           69 	
       70	           53 	
       71	           68 	
       72	           69 	
       73	           59 	
       74	           68 	
       75	           79 	
       76	           58 	
       77	           53 	
       78	           69 	
       79	           70 	
       80	           55 	
       81	           57 	
       82	           54 	
       83	           70 	
       84	           65 	
       85	           71 	
       86	           62 	
       87	           63 	
       88	           55 	
       89	           61 	
       90	           57 	
       91	           56 	
       92	           69 	
       93	           67 	
       94	           73 	
       95	           58 	
       96	           59 	
       97	           59 	
       98	           64 	
       99	           75 	
      100	           47 	
      101	           72 	
      102	           47 	
      103	           61 	
      104	           66 	
      105	           58 	
      106	           66 	
      107	           54 	
      108	           64 	
      109	           56 	
      110	           62 	
      111	           49 	
      112	           57 	
      113	           58 	
      114	           55 	
      115	           65 	
      116	           64 	
      117	           57 	
      118	           64 	
      119	           55 	
      120	           55 	
      121	           62 	
      122	           62 	
      123	           65 	
      124	           50 	
      125	           54 	
      126	           64 	
      127	           67 	
      128	           81 	
      129	           76 	
      130	           39 	
      131	           70 	
      132	           53 	
      133	           70 	
      134	           62 	
      135	           65 	
      136	           56 	
      137	           81 	
      138	           66 	
      139	           71 	
      140	           60 	
      141	           57 	
      142	           80 	
      143	           65 	
      144	           70 	
      145	           53 	
      146	           60 	
      147	           56 	
      148	           74 	
      149	           63 	
      150	           77 	
      151	           61 	
      152	           65 	
      153	           58 	
      154	           56 	
      155	           64 	
      156	           57 	
      157	           59 	
      158	           65 	
      159	           53 	
      160	           60 	
      161	           55 	
      162	           71 	
      163	           66 	
      164	           52 	
      165	           65 	
      166	           51 	
      167	           71 	
      168	           53 	
      169	           70 	
      170	           53 	
      171	           75 	
      172	           63 	
      173	           57 	
      174	           56 	
      175	           65 	
      176	           71 	
      177	           65 	
      178	           49 	
      179	           81 	
      180	           66 	
      181	           62 	
      182	           66 	
      183	           60 	
      184	           57 	
      185	           60 	
      186	           50 	
      187	           78 	
      188	           47 	
      189	           72 	
      190	           66 	
      191	           58 	
      192	           74 	
      193	           63 	
      194	           71 	
      195	           54 	
      196	           73 	
      197	           55 	
      198	           55 	
      199	           65 	
      200	           56 	
      201	           74 	
      202	           62 	
      203	           57 	
      204	           67 	
      205	           57 	
      206	           70 	
      207	           53 	
      208	           66 	
      209	           59 	
      210	           61 	
      211	           62 	
      212	           67 	
      213	           57 	
      214	           71 	
      215	           64 	
      216	           68 	
      217	           65 	
      218	           52 	
      219	           61 	
      220	           63 	
      221	           66 	
      222	           71 	
      223	           59 	
      224	           58 	
      225	           68 	
      226	           78 	
      227	           55 	
      228	           45 	
      229	           52 	
      230	           69 	
      231	           51 	
      232	           71 	
      233	           69 	
      234	           65 	
      235	           63 	
      236	           70 	
      237	           68 	
      238	           49 	
      239	           57 	
      240	           75 	
      241	           70 	
      242	           64 	
      243	           63 	
      244	           54 	
      245	           66 	
      246	           60 	
      247	           48 	
      248	           68 	
      249	           63 	
      250	           48 	
      251	           61 	
      252	           59 	
      253	           55 	
      254	           49 	
      255	           44 	
      256	           58 	
      257	           64 	
      258	           64 	
      259	           50 	
      260	           62 	
      261	           62 	
      262	           62 	
      263	           64 	
      264	           60 	
      265	           53 	
      266	           50 	
      267	           64 	
      268	           68 	
      269	           65 	
      270	           76 	
      271	           70 	
      272	           50 	
      273	           64 	
      274	           59 	
      275	           55 	
      276	           72 	
      277	           66 	
      278	           61 	
      279	           54 	
      280	           60 	
      281	           49 	
      282	           66 	
      283	           54 	
      284	           68 	
      285	           60 	
      286	           63 	
      287	           64 	
      288	           57 	
      289	           61 	
      290	           57 	
      291	           75 	
      292	           66 	
      293	           62 	
      294	           60 	
      295	           55 	
      296	           58 	
      297	           60 	
      298	           57 	
      299	           63 	
      300	           64 	
      301	           72 	
      302	           56 	
      303	           61 	
      304	           67 	
      305	           74 	
      306	           73 	
      307	           67 	
      308	           48 	
      309	           80 	
      310	           67 	
      311	           82 	
      312	           76 	
      313	           62 	
      314	           57 	
      315	           47 	
      316	           68 	
      317	           69 	
      318	           72 	
      319	           63 	
      320	           65 	
      321	           61 	
      322	           58 	
      323	           73 	
      324	           60 	
      325	           56 	
      326	           46 	
      327	           62 	
      328	           61 	
      329	           63 	
      330	           62 	
      331	           54 	
      332	           64 	
      333	           65 	
      334	           56 	
      335	           63 	
      336	           62 	
      337	           65 	
      338	           54 	
      339	           80 	
      340	           65 	
      341	           55 	
      342	           57 	
      343	           63 	
      344	           43 	
      345	           62 	
      346	           54 	
      347	           66 	
      348	           62 	
      349	           63 	
      350	           70 	
      351	           73 	
      352	           66 	
      353	           58 	
      354	           62 	
      355	           74 	
      356	           54 	
      357	           71 	
      358	           62 	
      359	           68 	
      360	           52 	
      361	           70 	
      362	           61 	
      363	           72 	
      364	           42 	
      365	           58 	
      366	           77 	
      367	           77 	
      368	           54 	
      369	           59 	
      370	           70 	
      371	           82 	
      372	           74 	
      373	           62 	
      374	           75 	
      375	           71 	
      376	           60 	
      377	           59 	
      378	           59 	
      379	           56 	
      380	           60 	
      381	           57 	
      382	           66 	
      383	           58 	
      384	           60 	
      385	           60 	
      386	           77 	
      387	           72 	
      388	           71 	
      389	           50 	
      390	           64 	
      391	           65 	
      392	           72 	
      393	           68 	
      394	           61 	
      395	           59 	
      396	           59 	
      397	           62 	
      398	           63 	
      399	           75 	
      400	           67 	
      401	           77 	
      402	           73 	
      403	           65 	
      404	           67 	
      405	           65 	
      406	           72 	
      407	           43 	
      408	           57 	
      409	           78 	
      410	           70 	
      411	           74 	
      412	           61 	
      413	           74 	
      414	           72 	
      415	           52 	
      416	           59 	
      417	           68 	
      418	           86 	
      419	           59 	
      420	           61 	
      421	           61 	
      422	           58 	
      423	           68 	
      424	           74 	
      425	           56 	
      426	           65 	
      427	           59 	
      428	           76 	
      429	           54 	
      430	           74 	
      431	           58 	
      432	           62 	
      433	           59 	
      434	           55 	
      435	           52 	
      436	           53 	
      437	           55 	
      438	           69 	
      439	           51 	
      440	           59 	
      441	           68 	
      442	           51 	
      443	           69 	
      444	           56 	
      445	           77 	
      446	           62 	
      447	           61 	
      448	           61 	
      449	           65 	
      450	           62 	
      451	           49 	
      452	           67 	
      453	           60 	
      454	           52 	
      455	           84 	
      456	           59 	
      457	           68 	
      458	           67 	
      459	           71 	
      460	           65 	
      461	           77 	
      462	           66 	
      463	           66 	
      464	           56 	
      465	           59 	
      466	           64 	
      467	           63 	
      468	           69 	
      469	           64 	
      470	           75 	
      471	           66 	
      472	           65 	
      473	           45 	
      474	           62 	
      475	           65 	
      476	           51 	
      477	           72 	
      478	           64 	
      479	           59 	
      480	           87 	
      481	           59 	
      482	           75 	
      483	           70 	
      484	           55 	
      485	           75 	
      486	           52 	
      487	           59 	
      488	           56 	
      489	           78 	
      490	           68 	
      491	           78 	
      492	           71 	
      493	           74 	
      494	           67 	
      495	           48 	
      496	           63 	
      497	           59 	
      498	           68 	
      499	           67 	
      500	           81 	
      501	           55 	
      502	           61 	
      503	           73 	
      504	           55 	
