Thorlabs Single Photon Counter Data Export

Date (YYYY-MM-DD):	2018-06-29
Time (HH:MM:SS):	14:50:03
Device Name:	SPCM50A
Serial Number:	M00451789
GUI Revision:	1.0 Build 2
Driver Revision:	1.0.1
Firmware Revision:	1.0.0

Application settings:
Operating Mode:	Free Running Timed Counter
Bin Length [ms]:	100
Time between Bins [ms]:	0.001
Pulse Blind Time [ns]:	0
Trigger Edge:	non-applicable
Array Measurement:	No
Array Measurement Continuously:	non-applicable
Bins per Array:	non-applicable
Active APD Gating:	No
Fan Off:	No

Bin Number 	Counts per Bin 	Remarks
        1	           88 	
        2	           72 	
        3	           70 	
        4	           80 	
        5	           87 	
        6	           89 	
        7	           70 	
        8	           96 	
        9	           97 	
       10	           85 	
       11	           78 	
       12	           70 	
       13	           79 	
       14	           69 	
       15	           81 	
       16	           77 	
       17	           75 	
       18	           82 	
       19	           84 	
       20	           62 	
       21	           95 	
       22	           69 	
       23	           79 	
       24	          100 	
       25	           87 	
       26	           72 	
       27	           75 	
       28	           75 	
       29	           75 	
       30	           72 	
       31	           59 	
       32	           75 	
       33	           90 	
       34	           77 	
       35	           56 	
       36	           69 	
       37	           82 	
       38	           84 	
       39	           80 	
       40	           72 	
       41	           95 	
       42	           72 	
       43	           76 	
       44	           89 	
       45	           83 	
       46	           75 	
       47	           73 	
       48	           61 	
       49	           73 	
       50	           96 	
       51	           71 	
       52	           64 	
       53	           88 	
       54	           70 	
       55	           96 	
       56	           67 	
       57	           76 	
       58	           74 	
       59	           77 	
       60	           63 	
       61	           62 	
       62	           68 	
       63	           75 	
       64	           87 	
       65	           71 	
       66	           82 	
       67	           64 	
       68	           64 	
       69	           77 	
       70	           77 	
       71	           83 	
       72	           66 	
       73	           92 	
       74	           75 	
       75	           77 	
       76	           62 	
       77	           79 	
       78	           64 	
       79	           73 	
       80	           82 	
       81	           92 	
       82	           74 	
       83	           74 	
       84	           72 	
       85	           74 	
       86	           83 	
       87	           72 	
       88	           83 	
       89	           80 	
       90	           89 	
       91	           82 	
       92	           79 	
       93	           80 	
       94	           78 	
       95	           82 	
       96	           95 	
       97	           73 	
       98	           74 	
       99	           77 	
      100	           70 	
      101	           81 	
      102	           79 	
      103	           87 	
      104	           93 	
      105	           85 	
      106	           72 	
      107	           74 	
      108	           93 	
      109	           60 	
      110	           75 	
      111	           70 	
      112	           85 	
      113	           76 	
      114	           75 	
      115	           76 	
      116	           67 	
      117	           80 	
      118	           72 	
      119	           76 	
      120	           78 	
      121	           69 	
      122	           74 	
      123	           78 	
      124	           74 	
      125	           77 	
      126	           64 	
      127	           68 	
      128	           74 	
      129	           73 	
      130	           69 	
      131	           78 	
      132	           76 	
      133	           81 	
      134	           87 	
      135	           75 	
      136	           81 	
      137	           83 	
      138	           74 	
      139	           79 	
      140	           89 	
      141	          102 	
      142	           78 	
      143	           82 	
      144	           68 	
      145	           82 	
      146	           79 	
      147	           86 	
      148	           81 	
      149	           88 	
      150	           92 	
      151	           85 	
      152	           75 	
      153	           80 	
      154	           73 	
      155	           85 	
      156	           97 	
      157	           60 	
      158	           76 	
      159	           81 	
      160	           68 	
      161	           81 	
      162	           71 	
      163	           77 	
      164	           79 	
      165	           51 	
      166	           68 	
      167	           64 	
      168	           74 	
      169	           58 	
      170	           87 	
      171	           66 	
      172	           69 	
      173	           75 	
      174	           91 	
      175	           66 	
      176	           74 	
      177	           75 	
      178	           59 	
      179	           67 	
      180	           89 	
      181	           82 	
      182	           62 	
      183	           83 	
      184	           73 	
      185	           72 	
      186	           61 	
      187	           63 	
      188	           73 	
      189	           63 	
      190	           64 	
      191	           74 	
      192	           77 	
      193	           55 	
      194	           80 	
      195	           65 	
      196	           57 	
      197	           61 	
      198	           75 	
      199	           66 	
      200	           74 	
      201	           64 	
      202	           80 	
      203	           74 	
      204	           69 	
      205	           75 	
      206	           63 	
      207	           91 	
      208	           83 	
      209	           71 	
      210	           78 	
      211	           73 	
      212	           75 	
      213	           80 	
      214	           74 	
      215	           82 	
      216	           69 	
      217	           80 	
      218	           87 	
      219	           94 	
      220	           84 	
      221	           95 	
      222	           88 	
      223	           76 	
      224	           55 	
      225	           79 	
      226	           64 	
      227	           59 	
      228	           87 	
      229	           66 	
      230	           80 	
      231	           65 	
      232	           81 	
      233	           96 	
      234	           67 	
      235	           71 	
      236	           56 	
      237	           82 	
      238	           85 	
      239	           79 	
      240	           71 	
      241	           75 	
      242	           77 	
      243	           87 	
      244	           73 	
      245	           94 	
      246	           78 	
      247	           64 	
      248	           77 	
      249	           88 	
      250	           63 	
      251	           85 	
      252	           84 	
      253	           74 	
      254	           63 	
      255	           86 	
      256	           81 	
      257	           67 	
      258	           83 	
      259	           71 	
      260	           94 	
      261	           79 	
      262	           77 	
      263	           71 	
      264	           76 	
      265	           72 	
      266	           86 	
      267	           85 	
      268	           78 	
      269	           81 	
      270	           77 	
      271	           75 	
      272	           80 	
      273	           72 	
      274	           66 	
      275	           87 	
      276	           85 	
      277	          103 	
      278	           79 	
      279	           86 	
      280	           91 	
      281	           65 	
      282	           68 	
      283	           62 	
      284	           83 	
      285	           73 	
      286	           73 	
      287	           85 	
      288	           80 	
      289	           88 	
      290	           91 	
      291	           87 	
      292	           81 	
      293	           76 	
      294	          104 	
      295	           78 	
      296	           69 	
      297	           65 	
      298	           96 	
      299	           70 	
      300	           90 	
      301	           79 	
      302	           68 	
      303	           80 	
      304	           70 	
      305	           58 	
      306	           84 	
      307	           85 	
      308	           84 	
      309	           67 	
      310	           78 	
      311	           70 	
      312	           71 	
      313	           82 	
      314	           72 	
      315	           75 	
      316	           72 	
      317	           68 	
      318	           81 	
      319	           68 	
      320	           96 	
      321	           70 	
      322	           76 	
      323	           89 	
      324	           55 	
      325	           78 	
      326	           72 	
      327	           73 	
      328	           68 	
      329	           67 	
      330	           76 	
      331	           83 	
      332	           78 	
      333	           65 	
      334	           69 	
      335	           88 	
      336	           88 	
      337	           89 	
      338	           68 	
      339	           93 	
      340	           76 	
      341	           73 	
      342	           66 	
      343	           71 	
      344	           74 	
      345	           68 	
      346	           85 	
      347	           75 	
      348	           63 	
      349	           66 	
      350	           56 	
      351	           74 	
      352	           85 	
      353	           54 	
      354	           61 	
      355	           68 	
      356	           71 	
      357	           81 	
      358	           77 	
      359	           73 	
      360	           84 	
      361	           87 	
      362	           91 	
      363	           93 	
      364	           95 	
      365	           76 	
      366	           79 	
      367	          106 	
      368	           78 	
      369	           81 	
      370	           84 	
      371	           71 	
      372	           86 	
      373	           84 	
      374	           85 	
      375	           95 	
      376	           90 	
      377	           88 	
      378	           70 	
      379	           86 	
      380	          104 	
      381	           84 	
      382	           92 	
      383	           69 	
      384	           82 	
      385	           82 	
      386	           76 	
      387	           82 	
      388	           81 	
      389	           82 	
      390	           80 	
      391	           80 	
      392	           71 	
      393	           80 	
      394	           64 	
      395	           64 	
      396	          100 	
      397	           83 	
      398	           84 	
      399	           80 	
      400	           74 	
      401	           69 	
      402	           73 	
      403	           73 	
      404	           74 	
      405	           60 	
      406	           78 	
      407	           79 	
      408	           76 	
      409	           54 	
      410	           73 	
      411	           81 	
      412	           68 	
      413	           82 	
      414	           78 	
      415	           90 	
      416	           82 	
      417	           68 	
      418	           61 	
      419	           78 	
      420	           67 	
      421	           66 	
      422	           69 	
      423	           61 	
      424	           76 	
      425	           67 	
      426	           65 	
      427	           74 	
      428	           76 	
      429	           74 	
      430	           78 	
      431	           60 	
      432	           62 	
      433	           64 	
      434	           71 	
      435	           67 	
      436	           59 	
      437	           86 	
      438	           71 	
      439	           76 	
      440	           67 	
      441	           74 	
      442	           64 	
      443	           85 	
      444	           92 	
      445	           91 	
      446	           87 	
      447	           78 	
      448	           80 	
      449	           88 	
      450	           82 	
      451	           83 	
      452	           76 	
      453	           81 	
      454	           68 	
      455	           80 	
      456	           65 	
      457	           76 	
      458	           82 	
      459	           81 	
      460	           73 	
      461	           85 	
      462	           77 	
      463	           93 	
      464	           84 	
      465	           74 	
      466	           74 	
      467	           68 	
      468	           71 	
      469	           87 	
      470	           88 	
      471	           81 	
      472	           79 	
      473	           80 	
      474	           78 	
      475	           83 	
      476	           76 	
      477	           74 	
      478	           62 	
      479	           89 	
      480	           81 	
      481	           87 	
      482	           71 	
      483	           77 	
      484	           80 	
      485	           81 	
      486	           77 	
      487	           78 	
      488	           67 	
      489	           64 	
      490	           78 	
      491	           79 	
      492	           79 	
      493	           78 	
      494	           64 	
      495	           83 	
      496	           70 	
      497	           74 	
      498	           84 	
      499	           77 	
      500	           81 	
      501	           74 	
      502	           85 	
      503	           81 	
      504	           87 	
      505	           71 	
      506	           64 	
