Thorlabs Single Photon Counter Data Export

Date (YYYY-MM-DD):	2018-06-28
Time (HH:MM:SS):	12:53:39
Device Name:	SPCM50A
Serial Number:	M00451789
GUI Revision:	1.0 Build 2
Driver Revision:	1.0.1
Firmware Revision:	1.0.0

Application settings:
Operating Mode:	Free Running Timed Counter
Bin Length [ms]:	100
Time between Bins [ms]:	0.001
Pulse Blind Time [ns]:	0
Trigger Edge:	non-applicable
Array Measurement:	No
Array Measurement Continuously:	non-applicable
Bins per Array:	non-applicable
Active APD Gating:	No
Fan Off:	No

Bin Number 	Counts per Bin 	Remarks
        1	           10 	
        2	           13 	
        3	           15 	
        4	           18 	
        5	           14 	
        6	            9 	
        7	           16 	
        8	           15 	
        9	           16 	
       10	            8 	
       11	           21 	
       12	           16 	
       13	           11 	
       14	           11 	
       15	            6 	
       16	           17 	
       17	           16 	
       18	           19 	
       19	           13 	
       20	           11 	
       21	           19 	
       22	           16 	
       23	           15 	
       24	           16 	
       25	           19 	
       26	           13 	
       27	           17 	
       28	           18 	
       29	           10 	
       30	           10 	
       31	           12 	
       32	           10 	
       33	           12 	
       34	            8 	
       35	           15 	
       36	            8 	
       37	           14 	
       38	           14 	
       39	           13 	
       40	           14 	
       41	           27 	
       42	           18 	
       43	           15 	
       44	            8 	
       45	            5 	
       46	           11 	
       47	           19 	
       48	           12 	
       49	           10 	
       50	           14 	
       51	           16 	
       52	           13 	
       53	           10 	
       54	           14 	
       55	            9 	
       56	           11 	
       57	           11 	
       58	           11 	
       59	           12 	
       60	           18 	
       61	            9 	
       62	           10 	
       63	           15 	
       64	           13 	
       65	           12 	
       66	           14 	
       67	           19 	
       68	           13 	
       69	           13 	
       70	           11 	
       71	           12 	
       72	           10 	
       73	           17 	
       74	            9 	
       75	           14 	
       76	           10 	
       77	           14 	
       78	           14 	
       79	           17 	
       80	           10 	
       81	           12 	
       82	           12 	
       83	           14 	
       84	           15 	
       85	           15 	
       86	           24 	
       87	           14 	
       88	           17 	
       89	           16 	
       90	           10 	
       91	            9 	
       92	           17 	
       93	           21 	
       94	           12 	
       95	            9 	
       96	           12 	
       97	           17 	
       98	           11 	
       99	           15 	
      100	           19 	
      101	           11 	
      102	           15 	
      103	           10 	
      104	           15 	
      105	           16 	
      106	           14 	
      107	           13 	
      108	            8 	
      109	           12 	
      110	           10 	
      111	           16 	
      112	           11 	
      113	           10 	
      114	           16 	
      115	            7 	
      116	           15 	
      117	            8 	
      118	           13 	
      119	           16 	
      120	           12 	
      121	           22 	
      122	           15 	
      123	            9 	
      124	           12 	
      125	           10 	
      126	           17 	
      127	           12 	
      128	           11 	
      129	            8 	
      130	           14 	
      131	           16 	
      132	            8 	
      133	           10 	
      134	           10 	
      135	            6 	
      136	           21 	
      137	           13 	
      138	           13 	
      139	           12 	
      140	           14 	
      141	           17 	
      142	           11 	
      143	            9 	
      144	           10 	
      145	           10 	
      146	           14 	
      147	           12 	
      148	           12 	
      149	           16 	
      150	           19 	
      151	           10 	
      152	           12 	
      153	           11 	
      154	            8 	
      155	           13 	
      156	           11 	
      157	           12 	
      158	           23 	
      159	           18 	
      160	           12 	
      161	           12 	
      162	           21 	
      163	           17 	
      164	           17 	
      165	           18 	
      166	           11 	
      167	           15 	
      168	           16 	
      169	           11 	
      170	           15 	
      171	           10 	
      172	           18 	
      173	           10 	
      174	            9 	
      175	           16 	
      176	           14 	
      177	           13 	
      178	            6 	
      179	           16 	
      180	           15 	
      181	            7 	
      182	            8 	
      183	           12 	
      184	           15 	
      185	           11 	
      186	           11 	
      187	           10 	
      188	            9 	
      189	           10 	
      190	           15 	
      191	            8 	
      192	           14 	
      193	           19 	
      194	           10 	
      195	           12 	
      196	           18 	
      197	           11 	
      198	           13 	
      199	            9 	
      200	           19 	
      201	           14 	
      202	           13 	
      203	           11 	
      204	           13 	
      205	           17 	
      206	           10 	
      207	           21 	
      208	            9 	
      209	           21 	
      210	           16 	
      211	            7 	
      212	           15 	
      213	           20 	
      214	           13 	
      215	           14 	
      216	           10 	
      217	           17 	
      218	           14 	
      219	           11 	
      220	           14 	
      221	           18 	
      222	           15 	
      223	           12 	
      224	           18 	
      225	           12 	
      226	           16 	
      227	           17 	
      228	            9 	
      229	           10 	
      230	            7 	
      231	           17 	
      232	           12 	
      233	           11 	
      234	           10 	
      235	            9 	
      236	           15 	
      237	           16 	
      238	           25 	
      239	           14 	
      240	           13 	
      241	           11 	
      242	           10 	
      243	            8 	
      244	           13 	
      245	           10 	
      246	           13 	
      247	           15 	
      248	           20 	
      249	            6 	
      250	           20 	
      251	           14 	
      252	           13 	
      253	           18 	
      254	           18 	
      255	            7 	
      256	           13 	
      257	           12 	
      258	           25 	
      259	           11 	
      260	            9 	
      261	            8 	
      262	           13 	
      263	           11 	
      264	           12 	
      265	           11 	
      266	           11 	
      267	           13 	
      268	            6 	
      269	            9 	
      270	            9 	
      271	           18 	
      272	           12 	
      273	           20 	
      274	           15 	
      275	           19 	
      276	            8 	
      277	           11 	
      278	           13 	
      279	           10 	
      280	           10 	
      281	           18 	
      282	           16 	
      283	           19 	
      284	           12 	
      285	           12 	
      286	           15 	
      287	           17 	
      288	           22 	
      289	           11 	
      290	           12 	
      291	           14 	
      292	           20 	
      293	           14 	
      294	            9 	
      295	           17 	
      296	           14 	
      297	            7 	
      298	           16 	
      299	           12 	
      300	           11 	
      301	           12 	
      302	           14 	
      303	           22 	
      304	           13 	
      305	           11 	
      306	           15 	
      307	            6 	
      308	           20 	
      309	           16 	
      310	            9 	
      311	            9 	
      312	           12 	
      313	           11 	
      314	           11 	
      315	           12 	
      316	           14 	
      317	            9 	
      318	           12 	
      319	           20 	
      320	           11 	
      321	           10 	
      322	           15 	
      323	           13 	
      324	           17 	
      325	            9 	
      326	           11 	
      327	           12 	
      328	           12 	
      329	           14 	
      330	            7 	
      331	           12 	
      332	            9 	
      333	           13 	
      334	           13 	
      335	           11 	
      336	           11 	
      337	           14 	
      338	            9 	
      339	            6 	
      340	           11 	
      341	           12 	
      342	           11 	
      343	           15 	
      344	           15 	
      345	           14 	
      346	            7 	
      347	           17 	
      348	           15 	
      349	           15 	
      350	           13 	
      351	            7 	
      352	           16 	
      353	           12 	
      354	           16 	
      355	           14 	
      356	           12 	
      357	            7 	
      358	           17 	
      359	           12 	
      360	           13 	
      361	           16 	
      362	           17 	
      363	           10 	
      364	           16 	
      365	           15 	
      366	           15 	
      367	           10 	
      368	            8 	
      369	           11 	
      370	           21 	
      371	           11 	
      372	           12 	
      373	           11 	
      374	           21 	
      375	           17 	
      376	           13 	
      377	           17 	
      378	           14 	
      379	           19 	
      380	           22 	
      381	           10 	
      382	           15 	
      383	           15 	
      384	           12 	
      385	           15 	
      386	           12 	
      387	           12 	
      388	           11 	
      389	           14 	
      390	           12 	
      391	           11 	
      392	           19 	
      393	           11 	
      394	           16 	
      395	           10 	
      396	           12 	
      397	           15 	
      398	           12 	
      399	           17 	
      400	           14 	
      401	           14 	
      402	           13 	
      403	           15 	
      404	           10 	
      405	           11 	
      406	            9 	
      407	            9 	
      408	           14 	
      409	           10 	
      410	           13 	
      411	           14 	
      412	           10 	
      413	           11 	
      414	           15 	
      415	           15 	
      416	           15 	
      417	           11 	
      418	            7 	
      419	           10 	
      420	           10 	
      421	           14 	
      422	           13 	
      423	           12 	
      424	           17 	
      425	           13 	
      426	           16 	
      427	           10 	
      428	           16 	
      429	            7 	
      430	           15 	
      431	           13 	
      432	           10 	
      433	           13 	
      434	            7 	
      435	           13 	
      436	           14 	
      437	            4 	
      438	           16 	
      439	           12 	
      440	           18 	
      441	           15 	
      442	           14 	
      443	            8 	
      444	            9 	
      445	           10 	
      446	           19 	
      447	           17 	
      448	           18 	
      449	            7 	
      450	           10 	
      451	           21 	
      452	            9 	
      453	           19 	
      454	           13 	
      455	           13 	
      456	           10 	
      457	           15 	
      458	           13 	
      459	           11 	
      460	           14 	
      461	           22 	
      462	           24 	
      463	           15 	
      464	           12 	
      465	            8 	
      466	           12 	
      467	           16 	
      468	           12 	
      469	           16 	
      470	            9 	
      471	           15 	
      472	           12 	
      473	            7 	
      474	           13 	
      475	           19 	
      476	           11 	
      477	           14 	
      478	           16 	
      479	            5 	
      480	           13 	
      481	           11 	
      482	           11 	
      483	           10 	
      484	           15 	
      485	            6 	
      486	           14 	
      487	           12 	
      488	           13 	
      489	           18 	
      490	           16 	
      491	           10 	
      492	           14 	
      493	           14 	
      494	           23 	
      495	           12 	
      496	           14 	
      497	            7 	
      498	           12 	
      499	           20 	
      500	           16 	
      501	           17 	
      502	           14 	
      503	           13 	
      504	           12 	
