Thorlabs Single Photon Counter Data Export

Date (YYYY-MM-DD):	2018-06-28
Time (HH:MM:SS):	12:52:26
Device Name:	SPCM50A
Serial Number:	M00451789
GUI Revision:	1.0 Build 2
Driver Revision:	1.0.1
Firmware Revision:	1.0.0

Application settings:
Operating Mode:	Free Running Timed Counter
Bin Length [ms]:	100
Time between Bins [ms]:	0.001
Pulse Blind Time [ns]:	0
Trigger Edge:	non-applicable
Array Measurement:	No
Array Measurement Continuously:	non-applicable
Bins per Array:	non-applicable
Active APD Gating:	No
Fan Off:	No

Bin Number 	Counts per Bin 	Remarks
        1	          151 	
        2	          164 	
        3	          155 	
        4	          139 	
        5	          157 	
        6	          139 	
        7	          147 	
        8	          165 	
        9	          164 	
       10	          142 	
       11	          163 	
       12	          153 	
       13	          177 	
       14	          149 	
       15	          180 	
       16	          170 	
       17	          159 	
       18	          151 	
       19	          159 	
       20	          158 	
       21	          165 	
       22	          154 	
       23	          171 	
       24	          163 	
       25	          146 	
       26	          159 	
       27	          148 	
       28	          176 	
       29	          158 	
       30	          154 	
       31	          158 	
       32	          165 	
       33	          154 	
       34	          156 	
       35	          154 	
       36	          161 	
       37	          173 	
       38	          147 	
       39	          127 	
       40	          147 	
       41	          179 	
       42	          149 	
       43	          174 	
       44	          114 	
       45	          189 	
       46	          127 	
       47	          166 	
       48	          162 	
       49	          171 	
       50	          184 	
       51	          132 	
       52	          168 	
       53	          137 	
       54	          169 	
       55	          168 	
       56	          152 	
       57	          166 	
       58	          179 	
       59	          139 	
       60	          173 	
       61	          152 	
       62	          136 	
       63	          158 	
       64	          149 	
       65	          165 	
       66	          177 	
       67	          151 	
       68	          134 	
       69	          170 	
       70	          145 	
       71	          132 	
       72	          175 	
       73	          147 	
       74	          148 	
       75	          153 	
       76	          156 	
       77	          170 	
       78	          162 	
       79	          171 	
       80	          135 	
       81	          158 	
       82	          171 	
       83	          148 	
       84	          161 	
       85	          135 	
       86	          152 	
       87	          157 	
       88	          157 	
       89	          154 	
       90	          161 	
       91	          153 	
       92	          146 	
       93	          155 	
       94	          159 	
       95	          172 	
       96	          153 	
       97	          161 	
       98	          159 	
       99	          153 	
      100	          161 	
      101	          145 	
      102	          164 	
      103	          145 	
      104	          150 	
      105	          157 	
      106	          177 	
      107	          178 	
      108	          171 	
      109	          151 	
      110	          182 	
      111	          177 	
      112	          142 	
      113	          158 	
      114	          135 	
      115	          157 	
      116	          184 	
      117	          160 	
      118	          143 	
      119	          162 	
      120	          162 	
      121	          144 	
      122	          167 	
      123	          168 	
      124	          156 	
      125	          167 	
      126	          155 	
      127	          144 	
      128	          155 	
      129	          143 	
      130	          133 	
      131	          161 	
      132	          164 	
      133	          156 	
      134	          161 	
      135	          179 	
      136	          163 	
      137	          179 	
      138	          152 	
      139	          146 	
      140	          180 	
      141	          154 	
      142	          157 	
      143	          185 	
      144	          141 	
      145	          188 	
      146	          155 	
      147	          149 	
      148	          163 	
      149	          134 	
      150	          158 	
      151	          159 	
      152	          164 	
      153	          153 	
      154	          154 	
      155	          150 	
      156	          178 	
      157	          152 	
      158	          152 	
      159	          154 	
      160	          146 	
      161	          166 	
      162	          176 	
      163	          157 	
      164	          153 	
      165	          131 	
      166	          151 	
      167	          171 	
      168	          136 	
      169	          162 	
      170	          163 	
      171	          149 	
      172	          157 	
      173	          147 	
      174	          176 	
      175	          147 	
      176	          145 	
      177	          139 	
      178	          167 	
      179	          173 	
      180	          168 	
      181	          154 	
      182	          172 	
      183	          139 	
      184	          146 	
      185	          142 	
      186	          143 	
      187	          149 	
      188	          162 	
      189	          173 	
      190	          134 	
      191	          155 	
      192	          156 	
      193	          138 	
      194	          144 	
      195	          150 	
      196	          146 	
      197	          165 	
      198	          160 	
      199	          163 	
      200	          167 	
      201	          144 	
      202	          150 	
      203	          182 	
      204	          159 	
      205	          145 	
      206	          138 	
      207	          191 	
      208	          168 	
      209	          151 	
      210	          121 	
      211	          176 	
      212	          154 	
      213	          167 	
      214	          152 	
      215	          172 	
      216	          153 	
      217	          163 	
      218	          189 	
      219	          139 	
      220	          155 	
      221	          161 	
      222	          155 	
      223	          143 	
      224	          132 	
      225	          150 	
      226	          158 	
      227	          141 	
      228	          153 	
      229	          154 	
      230	          155 	
      231	          185 	
      232	          155 	
      233	          161 	
      234	          168 	
      235	          160 	
      236	          156 	
      237	          148 	
      238	          145 	
      239	          157 	
      240	          185 	
      241	          170 	
      242	          160 	
      243	          177 	
      244	          174 	
      245	          166 	
      246	          149 	
      247	          166 	
      248	          157 	
      249	          153 	
      250	          146 	
      251	          151 	
      252	          177 	
      253	          157 	
      254	          155 	
      255	          137 	
      256	          162 	
      257	          142 	
      258	          148 	
      259	          163 	
      260	          131 	
      261	          153 	
      262	          150 	
      263	          168 	
      264	          172 	
      265	          156 	
      266	          158 	
      267	          165 	
      268	          151 	
      269	          167 	
      270	          159 	
      271	          139 	
      272	          160 	
      273	          151 	
      274	          157 	
      275	          135 	
      276	          162 	
      277	          150 	
      278	          142 	
      279	          157 	
      280	          169 	
      281	          173 	
      282	          172 	
      283	          130 	
      284	          137 	
      285	          148 	
      286	          149 	
      287	          173 	
      288	          145 	
      289	          147 	
      290	          163 	
      291	          159 	
      292	          154 	
      293	          148 	
      294	          161 	
      295	          161 	
      296	          159 	
      297	          157 	
      298	          150 	
      299	          146 	
      300	          168 	
      301	          157 	
      302	          163 	
      303	          146 	
      304	          144 	
      305	          162 	
      306	          161 	
      307	          130 	
      308	          156 	
      309	          148 	
      310	          172 	
      311	          156 	
      312	          151 	
      313	          159 	
      314	          172 	
      315	          163 	
      316	          160 	
      317	          154 	
      318	          153 	
      319	          161 	
      320	          160 	
      321	          129 	
      322	          151 	
      323	          120 	
      324	          158 	
      325	          157 	
      326	          177 	
      327	          173 	
      328	          172 	
      329	          158 	
      330	          194 	
      331	          180 	
      332	          179 	
      333	          146 	
      334	          139 	
      335	          146 	
      336	          158 	
      337	          157 	
      338	          157 	
      339	          161 	
      340	          167 	
      341	          166 	
      342	          152 	
      343	          142 	
      344	          152 	
      345	          144 	
      346	          144 	
      347	          170 	
      348	          156 	
      349	          155 	
      350	          164 	
      351	          175 	
      352	          177 	
      353	          164 	
      354	          142 	
      355	          151 	
      356	          141 	
      357	          178 	
      358	          163 	
      359	          171 	
      360	          147 	
      361	          146 	
      362	          178 	
      363	          141 	
      364	          150 	
      365	          155 	
      366	          159 	
      367	          160 	
      368	          158 	
      369	          166 	
      370	          141 	
      371	          156 	
      372	          171 	
      373	          159 	
      374	          162 	
      375	          164 	
      376	          175 	
      377	          175 	
      378	          156 	
      379	          160 	
      380	          136 	
      381	          162 	
      382	          138 	
      383	          146 	
      384	          168 	
      385	          163 	
      386	          161 	
      387	          159 	
      388	          168 	
      389	          158 	
      390	          147 	
      391	          148 	
      392	          148 	
      393	          163 	
      394	          130 	
      395	          168 	
      396	          139 	
      397	          156 	
      398	          146 	
      399	          140 	
      400	          151 	
      401	          167 	
      402	          167 	
      403	          143 	
      404	          178 	
      405	          164 	
      406	          171 	
      407	          132 	
      408	          168 	
      409	          180 	
      410	          160 	
      411	          177 	
      412	          171 	
      413	          162 	
      414	          128 	
      415	          148 	
      416	          148 	
      417	          174 	
      418	          157 	
      419	          155 	
      420	          145 	
      421	          136 	
      422	          162 	
      423	          162 	
      424	          164 	
      425	          161 	
      426	          162 	
      427	          130 	
      428	          148 	
      429	          160 	
      430	          148 	
      431	          134 	
      432	          150 	
      433	          168 	
      434	          157 	
      435	          153 	
      436	          147 	
      437	          145 	
      438	          171 	
      439	          149 	
      440	          169 	
      441	          164 	
      442	          151 	
      443	          177 	
      444	          166 	
      445	          169 	
      446	          146 	
      447	          153 	
      448	          159 	
      449	          159 	
      450	          160 	
      451	          165 	
      452	          163 	
      453	          151 	
      454	          156 	
      455	          153 	
      456	          136 	
      457	          161 	
      458	          170 	
      459	          146 	
      460	          145 	
      461	          176 	
      462	          163 	
      463	          166 	
      464	          152 	
      465	          148 	
      466	          161 	
      467	          140 	
      468	          148 	
      469	          130 	
      470	          139 	
      471	          167 	
      472	          163 	
      473	          141 	
      474	          154 	
      475	          152 	
      476	          135 	
      477	          148 	
      478	          154 	
      479	          172 	
      480	          156 	
      481	          178 	
      482	          166 	
      483	          139 	
      484	          149 	
      485	          150 	
      486	          133 	
      487	          162 	
      488	          132 	
      489	          140 	
      490	          180 	
      491	          162 	
      492	          150 	
      493	          133 	
      494	          147 	
      495	          160 	
      496	          159 	
      497	          170 	
      498	          173 	
      499	          158 	
      500	          151 	
      501	          155 	
      502	          166 	
      503	          160 	
      504	          160 	
      505	          167 	
