Thorlabs Single Photon Counter Data Export

Date (YYYY-MM-DD):	2018-07-16
Time (HH:MM:SS):	16:18:38
Device Name:	SPCM50A
Serial Number:	M00451789
GUI Revision:	1.0 Build 2
Driver Revision:	1.0.1
Firmware Revision:	1.0.0

Application settings:
Operating Mode:	Free Running Timed Counter
Bin Length [ms]:	100
Time between Bins [ms]:	0.001
Pulse Blind Time [ns]:	0
Trigger Edge:	non-applicable
Array Measurement:	No
Array Measurement Continuously:	non-applicable
Bins per Array:	non-applicable
Active APD Gating:	No
Fan Off:	No

Bin Number 	Counts per Bin 	Remarks
        1	           16 	
        2	            7 	
        3	           11 	
        4	            8 	
        5	           12 	
        6	           17 	
        7	            8 	
        8	           11 	
        9	            9 	
       10	            7 	
       11	            9 	
       12	            4 	
       13	           20 	
       14	           22 	
       15	            7 	
       16	           10 	
       17	            9 	
       18	           13 	
       19	            9 	
       20	           10 	
       21	           20 	
       22	            9 	
       23	           17 	
       24	            8 	
       25	           10 	
       26	            7 	
       27	           14 	
       28	            5 	
       29	            7 	
       30	            6 	
       31	            9 	
       32	           16 	
       33	            9 	
       34	            7 	
       35	            7 	
       36	            7 	
       37	           14 	
       38	           11 	
       39	           13 	
       40	            4 	
       41	           13 	
       42	           18 	
       43	           14 	
       44	           13 	
       45	           17 	
       46	            7 	
       47	           11 	
       48	           13 	
       49	           10 	
       50	            8 	
       51	            9 	
       52	            9 	
       53	           11 	
       54	            8 	
       55	            9 	
       56	           10 	
       57	           13 	
       58	           12 	
       59	           13 	
       60	            9 	
       61	           13 	
       62	           13 	
       63	           16 	
       64	            3 	
       65	           12 	
       66	           14 	
       67	            6 	
       68	            9 	
       69	            9 	
       70	            9 	
       71	           20 	
       72	            9 	
       73	            9 	
       74	           13 	
       75	           11 	
       76	           10 	
       77	           11 	
       78	            7 	
       79	            9 	
       80	           14 	
       81	            9 	
       82	            9 	
       83	           11 	
       84	            9 	
       85	            8 	
       86	           12 	
       87	           11 	
       88	            9 	
       89	            8 	
       90	            7 	
       91	           12 	
       92	           21 	
       93	           14 	
       94	           15 	
       95	           10 	
       96	            9 	
       97	            6 	
       98	           11 	
       99	            6 	
      100	            8 	
      101	            5 	
      102	           13 	
      103	           11 	
      104	            5 	
      105	           14 	
      106	            3 	
      107	           15 	
      108	           12 	
      109	           11 	
      110	            6 	
      111	           11 	
      112	           15 	
      113	           19 	
      114	           11 	
      115	           10 	
      116	           10 	
      117	           13 	
      118	           11 	
      119	           11 	
      120	            7 	
      121	           11 	
      122	           12 	
      123	           14 	
      124	           13 	
      125	            4 	
      126	            8 	
      127	            9 	
      128	           11 	
      129	           10 	
      130	           11 	
      131	           13 	
      132	           15 	
      133	           20 	
      134	            8 	
      135	           10 	
      136	           10 	
      137	           10 	
      138	            9 	
      139	           11 	
      140	            9 	
      141	           14 	
      142	           13 	
      143	           15 	
      144	            9 	
      145	           11 	
      146	           15 	
      147	           12 	
      148	           13 	
      149	            7 	
      150	            9 	
      151	            5 	
      152	           14 	
      153	           13 	
      154	            8 	
      155	            7 	
      156	           11 	
      157	           16 	
      158	           19 	
      159	            9 	
      160	           15 	
      161	           16 	
      162	            9 	
      163	           10 	
      164	            8 	
      165	           11 	
      166	            7 	
      167	            9 	
      168	            9 	
      169	           14 	
      170	           12 	
      171	           11 	
      172	           10 	
      173	           11 	
      174	            9 	
      175	            8 	
      176	           12 	
      177	           17 	
      178	           15 	
      179	           19 	
      180	            8 	
      181	           19 	
      182	           11 	
      183	           14 	
      184	           12 	
      185	           14 	
      186	            6 	
      187	            9 	
      188	            8 	
      189	           10 	
      190	            8 	
      191	           11 	
      192	           12 	
      193	            7 	
      194	           11 	
      195	            9 	
      196	           12 	
      197	           16 	
      198	           10 	
      199	            8 	
      200	           14 	
      201	           13 	
      202	            7 	
      203	            9 	
      204	            6 	
      205	           10 	
      206	           13 	
      207	            9 	
      208	            8 	
      209	           12 	
      210	           16 	
      211	           16 	
      212	           11 	
      213	           19 	
      214	            7 	
      215	           13 	
      216	           12 	
      217	            6 	
      218	            9 	
      219	           13 	
      220	            6 	
      221	           10 	
      222	            8 	
      223	           15 	
      224	           15 	
      225	           14 	
      226	           11 	
      227	            6 	
      228	            9 	
      229	           15 	
      230	           12 	
      231	           14 	
      232	            8 	
      233	           11 	
      234	           11 	
      235	           10 	
      236	           13 	
      237	           15 	
      238	           12 	
      239	            7 	
      240	           10 	
      241	           10 	
      242	           15 	
      243	           15 	
      244	           11 	
      245	            9 	
      246	           13 	
      247	           11 	
      248	           11 	
      249	            7 	
      250	           12 	
      251	           15 	
      252	            6 	
      253	           11 	
      254	           12 	
      255	           11 	
      256	            9 	
      257	            6 	
      258	           10 	
      259	           10 	
      260	           15 	
      261	            9 	
      262	            8 	
      263	           10 	
      264	            9 	
      265	           15 	
      266	           12 	
      267	            5 	
      268	           11 	
      269	            3 	
      270	           12 	
      271	            7 	
      272	            8 	
      273	            6 	
      274	           18 	
      275	            9 	
      276	           12 	
      277	           18 	
      278	           11 	
      279	            7 	
      280	           16 	
      281	            7 	
      282	            5 	
      283	           13 	
      284	           11 	
      285	            8 	
      286	           16 	
      287	           10 	
      288	            9 	
      289	           16 	
      290	           11 	
      291	            9 	
      292	            9 	
      293	           11 	
      294	           11 	
      295	           12 	
      296	           10 	
      297	           11 	
      298	           16 	
      299	            7 	
      300	           13 	
      301	           16 	
      302	            9 	
      303	           15 	
      304	            6 	
      305	            9 	
      306	           12 	
      307	            5 	
      308	           16 	
      309	            9 	
      310	           14 	
      311	            7 	
      312	            9 	
      313	           13 	
      314	            8 	
      315	            7 	
      316	           12 	
      317	            8 	
      318	           10 	
      319	            7 	
      320	            9 	
      321	           18 	
      322	           12 	
      323	            7 	
      324	           13 	
      325	           15 	
      326	           13 	
      327	           11 	
      328	            6 	
      329	           10 	
      330	           17 	
      331	           13 	
      332	           10 	
      333	           10 	
      334	           10 	
      335	           14 	
      336	           14 	
      337	            9 	
      338	           13 	
      339	           12 	
      340	            9 	
      341	           14 	
      342	           12 	
      343	           15 	
      344	            9 	
      345	            8 	
      346	           15 	
      347	            6 	
      348	            9 	
      349	           12 	
      350	           12 	
      351	            5 	
      352	            6 	
      353	           13 	
      354	           12 	
      355	            7 	
      356	            8 	
      357	           13 	
      358	            9 	
      359	           16 	
      360	            6 	
      361	            4 	
      362	           11 	
      363	           10 	
      364	           12 	
      365	           13 	
      366	           10 	
      367	           10 	
      368	            7 	
      369	           12 	
      370	           10 	
      371	            8 	
      372	           11 	
      373	            6 	
      374	           11 	
      375	            8 	
      376	           13 	
      377	           10 	
      378	            9 	
      379	           11 	
      380	            8 	
      381	           15 	
      382	           10 	
      383	           17 	
      384	           11 	
      385	            8 	
      386	            7 	
      387	           14 	
      388	           13 	
      389	            9 	
      390	           13 	
      391	           10 	
      392	            6 	
      393	           13 	
      394	           11 	
      395	            8 	
      396	           14 	
      397	            7 	
      398	           10 	
      399	            9 	
      400	           15 	
      401	            9 	
      402	            6 	
      403	            5 	
      404	            9 	
      405	            8 	
      406	           11 	
      407	           11 	
      408	            9 	
      409	            9 	
      410	            9 	
      411	            7 	
      412	            9 	
      413	           11 	
      414	            9 	
      415	           11 	
      416	            9 	
      417	           11 	
      418	           11 	
      419	           15 	
      420	            8 	
      421	            7 	
      422	            6 	
      423	           10 	
      424	            6 	
      425	            3 	
      426	            9 	
      427	           12 	
      428	           17 	
      429	           11 	
      430	            6 	
      431	            8 	
      432	           18 	
      433	           10 	
      434	            9 	
      435	           14 	
      436	           11 	
      437	            7 	
      438	           16 	
      439	           11 	
      440	           18 	
      441	            9 	
      442	            6 	
      443	            8 	
      444	           10 	
      445	           14 	
      446	           12 	
      447	           13 	
      448	            7 	
      449	            9 	
      450	           11 	
      451	           12 	
      452	            5 	
      453	            4 	
      454	           11 	
      455	            8 	
      456	            4 	
      457	           16 	
      458	           13 	
      459	            8 	
      460	           18 	
      461	           14 	
      462	           13 	
      463	           13 	
      464	           18 	
      465	           13 	
      466	           12 	
      467	           11 	
      468	            8 	
      469	            8 	
      470	           11 	
      471	           19 	
      472	           10 	
      473	            6 	
      474	           11 	
      475	            7 	
      476	           12 	
      477	           17 	
      478	            9 	
      479	           14 	
      480	            7 	
      481	           11 	
      482	           10 	
      483	           10 	
      484	            8 	
      485	           12 	
      486	            8 	
      487	           16 	
      488	           14 	
      489	           15 	
      490	           16 	
      491	            9 	
      492	           15 	
      493	           14 	
      494	            8 	
      495	            5 	
      496	           15 	
      497	           17 	
      498	            5 	
      499	            8 	
      500	           10 	
      501	           18 	
      502	            9 	
      503	           15 	
