Thorlabs Single Photon Counter Data Export

Date (YYYY-MM-DD):	2018-07-16
Time (HH:MM:SS):	16:22:19
Device Name:	SPCM50A
Serial Number:	M00451789
GUI Revision:	1.0 Build 2
Driver Revision:	1.0.1
Firmware Revision:	1.0.0

Application settings:
Operating Mode:	Free Running Timed Counter
Bin Length [ms]:	100
Time between Bins [ms]:	0.001
Pulse Blind Time [ns]:	0
Trigger Edge:	non-applicable
Array Measurement:	No
Array Measurement Continuously:	non-applicable
Bins per Array:	non-applicable
Active APD Gating:	No
Fan Off:	No

Bin Number 	Counts per Bin 	Remarks
        1	          396 	
        2	          403 	
        3	          443 	
        4	          390 	
        5	          437 	
        6	          418 	
        7	          389 	
        8	          410 	
        9	          409 	
       10	          419 	
       11	          418 	
       12	          443 	
       13	          399 	
       14	          415 	
       15	          391 	
       16	          398 	
       17	          404 	
       18	          392 	
       19	          438 	
       20	          433 	
       21	          426 	
       22	          396 	
       23	          395 	
       24	          456 	
       25	          440 	
       26	          472 	
       27	          429 	
       28	          461 	
       29	          422 	
       30	          423 	
       31	          404 	
       32	          407 	
       33	          410 	
       34	          411 	
       35	          384 	
       36	          401 	
       37	          432 	
       38	          417 	
       39	          431 	
       40	          422 	
       41	          390 	
       42	          386 	
       43	          443 	
       44	          423 	
       45	          434 	
       46	          427 	
       47	          446 	
       48	          388 	
       49	          475 	
       50	          406 	
       51	          399 	
       52	          397 	
       53	          415 	
       54	          370 	
       55	          411 	
       56	          396 	
       57	          419 	
       58	          423 	
       59	          390 	
       60	          432 	
       61	          401 	
       62	          427 	
       63	          422 	
       64	          420 	
       65	          456 	
       66	          403 	
       67	          413 	
       68	          400 	
       69	          465 	
       70	          443 	
       71	          388 	
       72	          456 	
       73	          391 	
       74	          388 	
       75	          453 	
       76	          394 	
       77	          431 	
       78	          424 	
       79	          412 	
       80	          464 	
       81	          381 	
       82	          399 	
       83	          430 	
       84	          392 	
       85	          405 	
       86	          434 	
       87	          420 	
       88	          388 	
       89	          443 	
       90	          418 	
       91	          405 	
       92	          428 	
       93	          428 	
       94	          411 	
       95	          464 	
       96	          483 	
       97	          437 	
       98	          419 	
       99	          448 	
      100	          414 	
      101	          402 	
      102	          411 	
      103	          457 	
      104	          451 	
      105	          420 	
      106	          452 	
      107	          424 	
      108	          403 	
      109	          409 	
      110	          401 	
      111	          422 	
      112	          417 	
      113	          397 	
      114	          416 	
      115	          459 	
      116	          446 	
      117	          415 	
      118	          412 	
      119	          406 	
      120	          470 	
      121	          407 	
      122	          399 	
      123	          418 	
      124	          396 	
      125	          435 	
      126	          395 	
      127	          441 	
      128	          408 	
      129	          415 	
      130	          455 	
      131	          445 	
      132	          434 	
      133	          405 	
      134	          442 	
      135	          445 	
      136	          397 	
      137	          427 	
      138	          421 	
      139	          449 	
      140	          429 	
      141	          436 	
      142	          375 	
      143	          474 	
      144	          429 	
      145	          407 	
      146	          413 	
      147	          404 	
      148	          407 	
      149	          447 	
      150	          429 	
      151	          425 	
      152	          422 	
      153	          415 	
      154	          428 	
      155	          457 	
      156	          400 	
      157	          429 	
      158	          379 	
      159	          414 	
      160	          435 	
      161	          405 	
      162	          453 	
      163	          398 	
      164	          414 	
      165	          410 	
      166	          405 	
      167	          398 	
      168	          453 	
      169	          415 	
      170	          449 	
      171	          420 	
      172	          426 	
      173	          449 	
      174	          392 	
      175	          458 	
      176	          429 	
      177	          387 	
      178	          357 	
      179	          405 	
      180	          427 	
      181	          431 	
      182	          438 	
      183	          416 	
      184	          416 	
      185	          416 	
      186	          393 	
      187	          433 	
      188	          401 	
      189	          398 	
      190	          430 	
      191	          415 	
      192	          424 	
      193	          399 	
      194	          408 	
      195	          414 	
      196	          401 	
      197	          420 	
      198	          415 	
      199	          389 	
      200	          398 	
      201	          478 	
      202	          490 	
      203	          423 	
      204	          440 	
      205	          421 	
      206	          441 	
      207	          389 	
      208	          404 	
      209	          438 	
      210	          409 	
      211	          403 	
      212	          412 	
      213	          376 	
      214	          419 	
      215	          411 	
      216	          415 	
      217	          390 	
      218	          386 	
      219	          416 	
      220	          410 	
      221	          422 	
      222	          404 	
      223	          363 	
      224	          419 	
      225	          378 	
      226	          419 	
      227	          429 	
      228	          440 	
      229	          432 	
      230	          404 	
      231	          435 	
      232	          433 	
      233	          448 	
      234	          428 	
      235	          430 	
      236	          426 	
      237	          372 	
      238	          400 	
      239	          465 	
      240	          434 	
      241	          462 	
      242	          436 	
      243	          426 	
      244	          453 	
      245	          445 	
      246	          453 	
      247	          422 	
      248	          487 	
      249	          385 	
      250	          448 	
      251	          438 	
      252	          403 	
      253	          460 	
      254	          408 	
      255	          464 	
      256	          470 	
      257	          389 	
      258	          416 	
      259	          453 	
      260	          408 	
      261	          426 	
      262	          409 	
      263	          404 	
      264	          388 	
      265	          404 	
      266	          424 	
      267	          410 	
      268	          383 	
      269	          448 	
      270	          413 	
      271	          435 	
      272	          396 	
      273	          448 	
      274	          412 	
      275	          458 	
      276	          435 	
      277	          418 	
      278	          433 	
      279	          446 	
      280	          433 	
      281	          468 	
      282	          420 	
      283	          435 	
      284	          427 	
      285	          451 	
      286	          431 	
      287	          414 	
      288	          428 	
      289	          445 	
      290	          419 	
      291	          447 	
      292	          393 	
      293	          397 	
      294	          411 	
      295	          424 	
      296	          417 	
      297	          424 	
      298	          441 	
      299	          402 	
      300	          394 	
      301	          409 	
      302	          425 	
      303	          462 	
      304	          394 	
      305	          437 	
      306	          384 	
      307	          439 	
      308	          434 	
      309	          457 	
      310	          390 	
      311	          422 	
      312	          451 	
      313	          420 	
      314	          379 	
      315	          413 	
      316	          421 	
      317	          408 	
      318	          436 	
      319	          417 	
      320	          455 	
      321	          441 	
      322	          450 	
      323	          402 	
      324	          416 	
      325	          387 	
      326	          443 	
      327	          428 	
      328	          404 	
      329	          425 	
      330	          471 	
      331	          392 	
      332	          383 	
      333	          439 	
      334	          428 	
      335	          437 	
      336	          458 	
      337	          430 	
      338	          414 	
      339	          441 	
      340	          429 	
      341	          462 	
      342	          421 	
      343	          412 	
      344	          403 	
      345	          429 	
      346	          452 	
      347	          428 	
      348	          437 	
      349	          407 	
      350	          426 	
      351	          450 	
      352	          460 	
      353	          471 	
      354	          399 	
      355	          435 	
      356	          443 	
      357	          476 	
      358	          424 	
      359	          481 	
      360	          460 	
      361	          420 	
      362	          434 	
      363	          489 	
      364	          452 	
      365	          485 	
      366	          434 	
      367	          458 	
      368	          470 	
      369	          428 	
      370	          426 	
      371	          456 	
      372	          432 	
      373	          421 	
      374	          423 	
      375	          421 	
      376	          422 	
      377	          443 	
      378	          442 	
      379	          403 	
      380	          418 	
      381	          387 	
      382	          433 	
      383	          414 	
      384	          414 	
      385	          383 	
      386	          392 	
      387	          436 	
      388	          414 	
      389	          470 	
      390	          429 	
      391	          416 	
      392	          396 	
      393	          420 	
      394	          419 	
      395	          443 	
      396	          409 	
      397	          495 	
      398	          420 	
      399	          414 	
      400	          435 	
      401	          414 	
      402	          443 	
      403	          437 	
      404	          409 	
      405	          392 	
      406	          435 	
      407	          417 	
      408	          414 	
      409	          433 	
      410	          413 	
      411	          401 	
      412	          401 	
      413	          397 	
      414	          399 	
      415	          436 	
      416	          411 	
      417	          388 	
      418	          380 	
      419	          405 	
      420	          432 	
      421	          406 	
      422	          421 	
      423	          437 	
      424	          425 	
      425	          405 	
      426	          411 	
      427	          437 	
      428	          400 	
      429	          391 	
      430	          454 	
      431	          438 	
      432	          394 	
      433	          438 	
      434	          414 	
      435	          410 	
      436	          436 	
      437	          424 	
      438	          399 	
      439	          428 	
      440	          430 	
      441	          458 	
      442	          424 	
      443	          454 	
      444	          441 	
      445	          421 	
      446	          437 	
      447	          407 	
      448	          393 	
      449	          409 	
      450	          404 	
      451	          411 	
      452	          429 	
      453	          456 	
      454	          389 	
      455	          380 	
      456	          425 	
      457	          415 	
      458	          458 	
      459	          395 	
      460	          406 	
      461	          416 	
      462	          403 	
      463	          382 	
      464	          361 	
      465	          460 	
      466	          435 	
      467	          423 	
      468	          435 	
      469	          456 	
      470	          423 	
      471	          419 	
      472	          458 	
      473	          437 	
      474	          442 	
      475	          445 	
      476	          444 	
      477	          407 	
      478	          434 	
      479	          418 	
      480	          400 	
      481	          432 	
      482	          411 	
      483	          406 	
      484	          403 	
      485	          438 	
      486	          404 	
      487	          434 	
      488	          370 	
      489	          449 	
      490	          407 	
      491	          420 	
      492	          403 	
      493	          461 	
      494	          418 	
      495	          442 	
      496	          441 	
      497	          482 	
      498	          429 	
      499	          429 	
      500	          448 	
      501	          392 	
      502	          398 	
      503	          400 	
      504	          432 	
      505	          446 	
      506	          410 	
