Thorlabs Single Photon Counter Data Export

Date (YYYY-MM-DD):	2018-07-16
Time (HH:MM:SS):	16:14:46
Device Name:	SPCM50A
Serial Number:	M00451789
GUI Revision:	1.0 Build 2
Driver Revision:	1.0.1
Firmware Revision:	1.0.0

Application settings:
Operating Mode:	Free Running Timed Counter
Bin Length [ms]:	100
Time between Bins [ms]:	0.001
Pulse Blind Time [ns]:	0
Trigger Edge:	non-applicable
Array Measurement:	No
Array Measurement Continuously:	non-applicable
Bins per Array:	non-applicable
Active APD Gating:	No
Fan Off:	No

Bin Number 	Counts per Bin 	Remarks
        1	          612 	
        2	          543 	
        3	          581 	
        4	          630 	
        5	          570 	
        6	          581 	
        7	          591 	
        8	          555 	
        9	          589 	
       10	          536 	
       11	          551 	
       12	          567 	
       13	          594 	
       14	          537 	
       15	          603 	
       16	          553 	
       17	          595 	
       18	          563 	
       19	          571 	
       20	          559 	
       21	          553 	
       22	          601 	
       23	          584 	
       24	          531 	
       25	          603 	
       26	          552 	
       27	          543 	
       28	          572 	
       29	          558 	
       30	          595 	
       31	          600 	
       32	          565 	
       33	          558 	
       34	          579 	
       35	          653 	
       36	          599 	
       37	          606 	
       38	          627 	
       39	          576 	
       40	          589 	
       41	          624 	
       42	          580 	
       43	          580 	
       44	          611 	
       45	          631 	
       46	          657 	
       47	          583 	
       48	          601 	
       49	          601 	
       50	          598 	
       51	          602 	
       52	          590 	
       53	          582 	
       54	          579 	
       55	          551 	
       56	          596 	
       57	          531 	
       58	          603 	
       59	          609 	
       60	          612 	
       61	          585 	
       62	          623 	
       63	          575 	
       64	          591 	
       65	          587 	
       66	          553 	
       67	          581 	
       68	          580 	
       69	          575 	
       70	          571 	
       71	          574 	
       72	          600 	
       73	          589 	
       74	          571 	
       75	          530 	
       76	          610 	
       77	          569 	
       78	          574 	
       79	          552 	
       80	          561 	
       81	          538 	
       82	          604 	
       83	          552 	
       84	          566 	
       85	          572 	
       86	          576 	
       87	          577 	
       88	          566 	
       89	          575 	
       90	          531 	
       91	          607 	
       92	          582 	
       93	          569 	
       94	          543 	
       95	          602 	
       96	          583 	
       97	          625 	
       98	          565 	
       99	          618 	
      100	          605 	
      101	          599 	
      102	          574 	
      103	          603 	
      104	          625 	
      105	          628 	
      106	          604 	
      107	          651 	
      108	          663 	
      109	          665 	
      110	          659 	
      111	          590 	
      112	          645 	
      113	          603 	
      114	          596 	
      115	          650 	
      116	          613 	
      117	          603 	
      118	          625 	
      119	          627 	
      120	          575 	
      121	          578 	
      122	          527 	
      123	          571 	
      124	          625 	
      125	          632 	
      126	          605 	
      127	          571 	
      128	          619 	
      129	          581 	
      130	          585 	
      131	          611 	
      132	          621 	
      133	          635 	
      134	          598 	
      135	          578 	
      136	          572 	
      137	          617 	
      138	          604 	
      139	          603 	
      140	          555 	
      141	          577 	
      142	          625 	
      143	          603 	
      144	          593 	
      145	          587 	
      146	          628 	
      147	          624 	
      148	          632 	
      149	          576 	
      150	          580 	
      151	          583 	
      152	          599 	
      153	          593 	
      154	          555 	
      155	          641 	
      156	          583 	
      157	          593 	
      158	          636 	
      159	          598 	
      160	          592 	
      161	          614 	
      162	          606 	
      163	          565 	
      164	          566 	
      165	          575 	
      166	          571 	
      167	          548 	
      168	          585 	
      169	          613 	
      170	          579 	
      171	          573 	
      172	          580 	
      173	          566 	
      174	          520 	
      175	          540 	
      176	          580 	
      177	          606 	
      178	          615 	
      179	          604 	
      180	          593 	
      181	          570 	
      182	          610 	
      183	          579 	
      184	          611 	
      185	          585 	
      186	          627 	
      187	          619 	
      188	          615 	
      189	          557 	
      190	          628 	
      191	          591 	
      192	          627 	
      193	          565 	
      194	          625 	
      195	          629 	
      196	          580 	
      197	          630 	
      198	          578 	
      199	          650 	
      200	          581 	
      201	          631 	
      202	          623 	
      203	          594 	
      204	          570 	
      205	          642 	
      206	          597 	
      207	          576 	
      208	          599 	
      209	          615 	
      210	          550 	
      211	          594 	
      212	          562 	
      213	          625 	
      214	          605 	
      215	          569 	
      216	          564 	
      217	          554 	
      218	          583 	
      219	          589 	
      220	          588 	
      221	          631 	
      222	          583 	
      223	          551 	
      224	          607 	
      225	          614 	
      226	          643 	
      227	          594 	
      228	          646 	
      229	          622 	
      230	          589 	
      231	          607 	
      232	          590 	
      233	          578 	
      234	          627 	
      235	          660 	
      236	          584 	
      237	          627 	
      238	          630 	
      239	          654 	
      240	          623 	
      241	          626 	
      242	          610 	
      243	          605 	
      244	          634 	
      245	          588 	
      246	          582 	
      247	          637 	
      248	          583 	
      249	          603 	
      250	          553 	
      251	          635 	
      252	          592 	
      253	          620 	
      254	          666 	
      255	          609 	
      256	          651 	
      257	          559 	
      258	          636 	
      259	          615 	
      260	          616 	
      261	          615 	
      262	          586 	
      263	          609 	
      264	          617 	
      265	          621 	
      266	          605 	
      267	          595 	
      268	          557 	
      269	          586 	
      270	          597 	
      271	          605 	
      272	          628 	
      273	          580 	
      274	          634 	
      275	          622 	
      276	          610 	
      277	          656 	
      278	          630 	
      279	          629 	
      280	          655 	
      281	          566 	
      282	          612 	
      283	          619 	
      284	          615 	
      285	          615 	
      286	          617 	
      287	          635 	
      288	          569 	
      289	          578 	
      290	          607 	
      291	          636 	
      292	          604 	
      293	          605 	
      294	          557 	
      295	          595 	
      296	          630 	
      297	          585 	
      298	          626 	
      299	          607 	
      300	          582 	
      301	          610 	
      302	          602 	
      303	          591 	
      304	          550 	
      305	          578 	
      306	          605 	
      307	          578 	
      308	          595 	
      309	          598 	
      310	          594 	
      311	          576 	
      312	          569 	
      313	          598 	
      314	          629 	
      315	          594 	
      316	          603 	
      317	          598 	
      318	          603 	
      319	          562 	
      320	          608 	
      321	          608 	
      322	          614 	
      323	          591 	
      324	          624 	
      325	          566 	
      326	          593 	
      327	          586 	
      328	          599 	
      329	          607 	
      330	          576 	
      331	          594 	
      332	          577 	
      333	          603 	
      334	          571 	
      335	          586 	
      336	          579 	
      337	          602 	
      338	          568 	
      339	          588 	
      340	          593 	
      341	          645 	
      342	          574 	
      343	          606 	
      344	          550 	
      345	          588 	
      346	          586 	
      347	          556 	
      348	          576 	
      349	          591 	
      350	          590 	
      351	          645 	
      352	          624 	
      353	          628 	
      354	          592 	
      355	          619 	
      356	          623 	
      357	          622 	
      358	          574 	
      359	          570 	
      360	          537 	
      361	          606 	
      362	          685 	
      363	          607 	
      364	          653 	
      365	          645 	
      366	          650 	
      367	          598 	
      368	          645 	
      369	          626 	
      370	          681 	
      371	          601 	
      372	          622 	
      373	          628 	
      374	          585 	
      375	          610 	
      376	          540 	
      377	          610 	
      378	          588 	
      379	          575 	
      380	          612 	
      381	          598 	
      382	          623 	
      383	          565 	
      384	          603 	
      385	          540 	
      386	          605 	
      387	          598 	
      388	          575 	
      389	          580 	
      390	          598 	
      391	          600 	
      392	          553 	
      393	          591 	
      394	          637 	
      395	          598 	
      396	          605 	
      397	          592 	
      398	          605 	
      399	          561 	
      400	          593 	
      401	          662 	
      402	          526 	
      403	          596 	
      404	          594 	
      405	          581 	
      406	          603 	
      407	          576 	
      408	          607 	
      409	          588 	
      410	          621 	
      411	          555 	
      412	          589 	
      413	          573 	
      414	          599 	
      415	          600 	
      416	          610 	
      417	          593 	
      418	          611 	
      419	          578 	
      420	          600 	
      421	          593 	
      422	          588 	
      423	          580 	
      424	          653 	
      425	          565 	
      426	          589 	
      427	          562 	
      428	          619 	
      429	          630 	
      430	          611 	
      431	          568 	
      432	          593 	
      433	          613 	
      434	          606 	
      435	          555 	
      436	          588 	
      437	          600 	
      438	          558 	
      439	          607 	
      440	          589 	
      441	          632 	
      442	          615 	
      443	          570 	
      444	          628 	
      445	          569 	
      446	          561 	
      447	          547 	
      448	          600 	
      449	          548 	
      450	          574 	
      451	          592 	
      452	          597 	
      453	          625 	
      454	          545 	
      455	          572 	
      456	          620 	
      457	          621 	
      458	          633 	
      459	          608 	
      460	          590 	
      461	          645 	
      462	          608 	
      463	          603 	
      464	          615 	
      465	          593 	
      466	          652 	
      467	          578 	
      468	          587 	
      469	          598 	
      470	          587 	
      471	          595 	
      472	          586 	
      473	          600 	
      474	          556 	
      475	          618 	
      476	          618 	
      477	          597 	
      478	          613 	
      479	          593 	
      480	          551 	
      481	          605 	
      482	          603 	
      483	          595 	
      484	          626 	
      485	          556 	
      486	          572 	
      487	          599 	
      488	          629 	
      489	          581 	
      490	          583 	
      491	          551 	
      492	          593 	
      493	          617 	
      494	          606 	
      495	          582 	
      496	          612 	
      497	          570 	
      498	          582 	
      499	          594 	
      500	          572 	
      501	          578 	
      502	          596 	
      503	          554 	
      504	          548 	
