Thorlabs Single Photon Counter Data Export

Date (YYYY-MM-DD):	2018-07-16
Time (HH:MM:SS):	17:40:31
Device Name:	SPCM50A
Serial Number:	M00451789
GUI Revision:	1.0 Build 2
Driver Revision:	1.0.1
Firmware Revision:	1.0.0

Application settings:
Operating Mode:	Free Running Timed Counter
Bin Length [ms]:	100
Time between Bins [ms]:	0.001
Pulse Blind Time [ns]:	0
Trigger Edge:	non-applicable
Array Measurement:	No
Array Measurement Continuously:	non-applicable
Bins per Array:	non-applicable
Active APD Gating:	No
Fan Off:	No

Bin Number 	Counts per Bin 	Remarks
        1	          313 	
        2	          286 	
        3	          259 	
        4	          286 	
        5	          295 	
        6	          305 	
        7	          263 	
        8	          293 	
        9	          296 	
       10	          283 	
       11	          267 	
       12	          255 	
       13	          288 	
       14	          268 	
       15	          271 	
       16	          288 	
       17	          310 	
       18	          254 	
       19	          306 	
       20	          264 	
       21	          260 	
       22	          287 	
       23	          283 	
       24	          259 	
       25	          300 	
       26	          300 	
       27	          298 	
       28	          291 	
       29	          286 	
       30	          273 	
       31	          282 	
       32	          292 	
       33	          272 	
       34	          263 	
       35	          292 	
       36	          280 	
       37	          284 	
       38	          299 	
       39	          260 	
       40	          269 	
       41	          292 	
       42	          291 	
       43	          271 	
       44	          255 	
       45	          291 	
       46	          310 	
       47	          282 	
       48	          280 	
       49	          280 	
       50	          278 	
       51	          284 	
       52	          277 	
       53	          308 	
       54	          286 	
       55	          292 	
       56	          303 	
       57	          274 	
       58	          291 	
       59	          310 	
       60	          311 	
       61	          238 	
       62	          297 	
       63	          261 	
       64	          287 	
       65	          261 	
       66	          270 	
       67	          264 	
       68	          273 	
       69	          289 	
       70	          286 	
       71	          305 	
       72	          295 	
       73	          283 	
       74	          278 	
       75	          273 	
       76	          263 	
       77	          279 	
       78	          271 	
       79	          290 	
       80	          287 	
       81	          289 	
       82	          288 	
       83	          286 	
       84	          288 	
       85	          273 	
       86	          292 	
       87	          287 	
       88	          281 	
       89	          303 	
       90	          305 	
       91	          278 	
       92	          319 	
       93	          268 	
       94	          319 	
       95	          305 	
       96	          281 	
       97	          294 	
       98	          273 	
       99	          249 	
      100	          277 	
      101	          287 	
      102	          281 	
      103	          280 	
      104	          266 	
      105	          268 	
      106	          300 	
      107	          296 	
      108	          267 	
      109	          305 	
      110	          289 	
      111	          263 	
      112	          278 	
      113	          269 	
      114	          292 	
      115	          256 	
      116	          272 	
      117	          306 	
      118	          272 	
      119	          236 	
      120	          269 	
      121	          261 	
      122	          266 	
      123	          267 	
      124	          271 	
      125	          293 	
      126	          296 	
      127	          274 	
      128	          288 	
      129	          269 	
      130	          265 	
      131	          289 	
      132	          293 	
      133	          302 	
      134	          293 	
      135	          276 	
      136	          288 	
      137	          273 	
      138	          308 	
      139	          259 	
      140	          248 	
      141	          314 	
      142	          254 	
      143	          296 	
      144	          288 	
      145	          305 	
      146	          281 	
      147	          268 	
      148	          269 	
      149	          283 	
      150	          293 	
      151	          260 	
      152	          262 	
      153	          273 	
      154	          297 	
      155	          298 	
      156	          269 	
      157	          290 	
      158	          283 	
      159	          270 	
      160	          289 	
      161	          276 	
      162	          293 	
      163	          286 	
      164	          288 	
      165	          294 	
      166	          308 	
      167	          261 	
      168	          329 	
      169	          247 	
      170	          276 	
      171	          279 	
      172	          328 	
      173	          323 	
      174	          270 	
      175	          296 	
      176	          257 	
      177	          277 	
      178	          312 	
      179	          286 	
      180	          248 	
      181	          301 	
      182	          263 	
      183	          260 	
      184	          294 	
      185	          304 	
      186	          276 	
      187	          257 	
      188	          245 	
      189	          276 	
      190	          272 	
      191	          265 	
      192	          257 	
      193	          293 	
      194	          296 	
      195	          259 	
      196	          244 	
      197	          285 	
      198	          295 	
      199	          266 	
      200	          285 	
      201	          303 	
      202	          271 	
      203	          288 	
      204	          282 	
      205	          271 	
      206	          317 	
      207	          283 	
      208	          262 	
      209	          254 	
      210	          251 	
      211	          285 	
      212	          272 	
      213	          283 	
      214	          268 	
      215	          304 	
      216	          267 	
      217	          288 	
      218	          278 	
      219	          290 	
      220	          249 	
      221	          269 	
      222	          279 	
      223	          278 	
      224	          262 	
      225	          293 	
      226	          267 	
      227	          269 	
      228	          267 	
      229	          251 	
      230	          273 	
      231	          286 	
      232	          279 	
      233	          291 	
      234	          293 	
      235	          281 	
      236	          269 	
      237	          274 	
      238	          264 	
      239	          274 	
      240	          274 	
      241	          275 	
      242	          276 	
      243	          296 	
      244	          258 	
      245	          312 	
      246	          261 	
      247	          243 	
      248	          282 	
      249	          320 	
      250	          284 	
      251	          276 	
      252	          285 	
      253	          299 	
      254	          282 	
      255	          309 	
      256	          277 	
      257	          304 	
      258	          290 	
      259	          279 	
      260	          267 	
      261	          318 	
      262	          305 	
      263	          263 	
      264	          290 	
      265	          293 	
      266	          292 	
      267	          275 	
      268	          304 	
      269	          267 	
      270	          309 	
      271	          299 	
      272	          312 	
      273	          274 	
      274	          283 	
      275	          306 	
      276	          274 	
      277	          291 	
      278	          249 	
      279	          256 	
      280	          279 	
      281	          277 	
      282	          261 	
      283	          249 	
      284	          295 	
      285	          263 	
      286	          286 	
      287	          289 	
      288	          289 	
      289	          264 	
      290	          293 	
      291	          283 	
      292	          306 	
      293	          253 	
      294	          308 	
      295	          277 	
      296	          270 	
      297	          288 	
      298	          277 	
      299	          273 	
      300	          263 	
      301	          307 	
      302	          288 	
      303	          268 	
      304	          289 	
      305	          285 	
      306	          255 	
      307	          281 	
      308	          261 	
      309	          274 	
      310	          266 	
      311	          291 	
      312	          290 	
      313	          273 	
      314	          296 	
      315	          295 	
      316	          275 	
      317	          269 	
      318	          298 	
      319	          319 	
      320	          303 	
      321	          261 	
      322	          276 	
      323	          303 	
      324	          268 	
      325	          308 	
      326	          285 	
      327	          303 	
      328	          269 	
      329	          288 	
      330	          296 	
      331	          303 	
      332	          297 	
      333	          313 	
      334	          249 	
      335	          312 	
      336	          285 	
      337	          296 	
      338	          289 	
      339	          258 	
      340	          271 	
      341	          302 	
      342	          281 	
      343	          266 	
      344	          318 	
      345	          297 	
      346	          287 	
      347	          280 	
      348	          278 	
      349	          311 	
      350	          307 	
      351	          279 	
      352	          279 	
      353	          282 	
      354	          315 	
      355	          315 	
      356	          303 	
      357	          266 	
      358	          285 	
      359	          238 	
      360	          289 	
      361	          300 	
      362	          296 	
      363	          291 	
      364	          277 	
      365	          261 	
      366	          245 	
      367	          286 	
      368	          252 	
      369	          301 	
      370	          278 	
      371	          300 	
      372	          241 	
      373	          293 	
      374	          266 	
      375	          294 	
      376	          273 	
      377	          294 	
      378	          286 	
      379	          265 	
      380	          261 	
      381	          296 	
      382	          265 	
      383	          272 	
      384	          277 	
      385	          288 	
      386	          252 	
      387	          256 	
      388	          246 	
      389	          266 	
      390	          303 	
      391	          298 	
      392	          248 	
      393	          243 	
      394	          286 	
      395	          275 	
      396	          298 	
      397	          270 	
      398	          282 	
      399	          276 	
      400	          297 	
      401	          276 	
      402	          294 	
      403	          312 	
      404	          266 	
      405	          274 	
      406	          312 	
      407	          292 	
      408	          273 	
      409	          275 	
      410	          321 	
      411	          304 	
      412	          294 	
      413	          288 	
      414	          298 	
      415	          276 	
      416	          266 	
      417	          269 	
      418	          314 	
      419	          302 	
      420	          304 	
      421	          281 	
      422	          288 	
      423	          317 	
      424	          275 	
      425	          300 	
      426	          285 	
      427	          259 	
      428	          324 	
      429	          314 	
      430	          293 	
      431	          266 	
      432	          306 	
      433	          277 	
      434	          275 	
      435	          290 	
      436	          297 	
      437	          276 	
      438	          267 	
      439	          312 	
      440	          254 	
      441	          267 	
      442	          285 	
      443	          280 	
      444	          279 	
      445	          290 	
      446	          263 	
      447	          280 	
      448	          307 	
      449	          277 	
      450	          271 	
      451	          254 	
      452	          292 	
      453	          319 	
      454	          270 	
      455	          271 	
      456	          290 	
      457	          276 	
      458	          282 	
      459	          266 	
      460	          292 	
      461	          257 	
      462	          249 	
      463	          309 	
      464	          271 	
      465	          289 	
      466	          277 	
      467	          264 	
      468	          273 	
      469	          276 	
      470	          272 	
      471	          308 	
      472	          260 	
      473	          286 	
      474	          263 	
      475	          242 	
      476	          265 	
      477	          239 	
      478	          278 	
      479	          252 	
      480	          277 	
      481	          253 	
      482	          289 	
      483	          277 	
      484	          290 	
      485	          248 	
      486	          289 	
      487	          300 	
      488	          292 	
      489	          290 	
      490	          281 	
      491	          271 	
      492	          262 	
      493	          260 	
      494	          243 	
      495	          296 	
      496	          280 	
      497	          280 	
      498	          250 	
      499	          269 	
      500	          272 	
      501	          270 	
