Thorlabs Single Photon Counter Data Export

Date (YYYY-MM-DD):	2018-07-17
Time (HH:MM:SS):	16:51:38
Device Name:	SPCM50A
Serial Number:	M00451789
GUI Revision:	1.0 Build 2
Driver Revision:	1.0.1
Firmware Revision:	1.0.0

Application settings:
Operating Mode:	Free Running Timed Counter
Bin Length [ms]:	100
Time between Bins [ms]:	0.001
Pulse Blind Time [ns]:	0
Trigger Edge:	non-applicable
Array Measurement:	No
Array Measurement Continuously:	non-applicable
Bins per Array:	non-applicable
Active APD Gating:	No
Fan Off:	No

Bin Number 	Counts per Bin 	Remarks
        1	          763 	
        2	          728 	
        3	          752 	
        4	          756 	
        5	          766 	
        6	          707 	
        7	          784 	
        8	          831 	
        9	          825 	
       10	          798 	
       11	          820 	
       12	          810 	
       13	          854 	
       14	          804 	
       15	          779 	
       16	          730 	
       17	          718 	
       18	          752 	
       19	          790 	
       20	          728 	
       21	          745 	
       22	          783 	
       23	          736 	
       24	          775 	
       25	          806 	
       26	          804 	
       27	          796 	
       28	          778 	
       29	          789 	
       30	          777 	
       31	          833 	
       32	          859 	
       33	          771 	
       34	          800 	
       35	          747 	
       36	          762 	
       37	          816 	
       38	          770 	
       39	          714 	
       40	          755 	
       41	          764 	
       42	          791 	
       43	          782 	
       44	          812 	
       45	          803 	
       46	          799 	
       47	          738 	
       48	          803 	
       49	          746 	
       50	          780 	
       51	          816 	
       52	          846 	
       53	          806 	
       54	          775 	
       55	          768 	
       56	          724 	
       57	          782 	
       58	          755 	
       59	          701 	
       60	          767 	
       61	          758 	
       62	          769 	
       63	          773 	
       64	          814 	
       65	          709 	
       66	          789 	
       67	          780 	
       68	          803 	
       69	          815 	
       70	          768 	
       71	          761 	
       72	          754 	
       73	          761 	
       74	          776 	
       75	          818 	
       76	          729 	
       77	          784 	
       78	          741 	
       79	          796 	
       80	          732 	
       81	          792 	
       82	          787 	
       83	          779 	
       84	          835 	
       85	          797 	
       86	          780 	
       87	          800 	
       88	          743 	
       89	          743 	
       90	          757 	
       91	          809 	
       92	          799 	
       93	          809 	
       94	          824 	
       95	          810 	
       96	          830 	
       97	          759 	
       98	          739 	
       99	          850 	
      100	          763 	
      101	          783 	
      102	          800 	
      103	          820 	
      104	          742 	
      105	          753 	
      106	          782 	
      107	          817 	
      108	          792 	
      109	          792 	
      110	          863 	
      111	          861 	
      112	          855 	
      113	          782 	
      114	          790 	
      115	          779 	
      116	          757 	
      117	          727 	
      118	          792 	
      119	          756 	
      120	          812 	
      121	          780 	
      122	          796 	
      123	          817 	
      124	          818 	
      125	          801 	
      126	          821 	
      127	          797 	
      128	          773 	
      129	          794 	
      130	          769 	
      131	          784 	
      132	          794 	
      133	          784 	
      134	          753 	
      135	          795 	
      136	          783 	
      137	          771 	
      138	          787 	
      139	          778 	
      140	          795 	
      141	          805 	
      142	          819 	
      143	          798 	
      144	          815 	
      145	          855 	
      146	          805 	
      147	          808 	
      148	          784 	
      149	          803 	
      150	          799 	
      151	          752 	
      152	          783 	
      153	          756 	
      154	          815 	
      155	          824 	
      156	          798 	
      157	          852 	
      158	          799 	
      159	          805 	
      160	          848 	
      161	          854 	
      162	          753 	
      163	          781 	
      164	          785 	
      165	          759 	
      166	          802 	
      167	          819 	
      168	          758 	
      169	          790 	
      170	          784 	
      171	          788 	
      172	          788 	
      173	          832 	
      174	          755 	
      175	          743 	
      176	          782 	
      177	          741 	
      178	          704 	
      179	          778 	
      180	          802 	
      181	          788 	
      182	          794 	
      183	          769 	
      184	          767 	
      185	          802 	
      186	          822 	
      187	          773 	
      188	          768 	
      189	          803 	
      190	          823 	
      191	          798 	
      192	          751 	
      193	          808 	
      194	          725 	
      195	          779 	
      196	          786 	
      197	          806 	
      198	          809 	
      199	          797 	
      200	          797 	
      201	          819 	
      202	          780 	
      203	          768 	
      204	          778 	
      205	          816 	
      206	          736 	
      207	          793 	
      208	          735 	
      209	          767 	
      210	          840 	
      211	          797 	
      212	          771 	
      213	          740 	
      214	          728 	
      215	          817 	
      216	          829 	
      217	          835 	
      218	          880 	
      219	          777 	
      220	          814 	
      221	          762 	
      222	          805 	
      223	          783 	
      224	          789 	
      225	          752 	
      226	          812 	
      227	          765 	
      228	          824 	
      229	          799 	
      230	          789 	
      231	          769 	
      232	          768 	
      233	          781 	
      234	          778 	
      235	          759 	
      236	          799 	
      237	          756 	
      238	          821 	
      239	          748 	
      240	          772 	
      241	          781 	
      242	          803 	
      243	          748 	
      244	          766 	
      245	          796 	
      246	          807 	
      247	          800 	
      248	          738 	
      249	          781 	
      250	          819 	
      251	          810 	
      252	          762 	
      253	          794 	
      254	          775 	
      255	          776 	
      256	          799 	
      257	          782 	
      258	          759 	
      259	          744 	
      260	          787 	
      261	          733 	
      262	          752 	
      263	          782 	
      264	          778 	
      265	          785 	
      266	          763 	
      267	          735 	
      268	          813 	
      269	          822 	
      270	          783 	
      271	          758 	
      272	          792 	
      273	          839 	
      274	          783 	
      275	          790 	
      276	          741 	
      277	          740 	
      278	          768 	
      279	          781 	
      280	          756 	
      281	          799 	
      282	          762 	
      283	          791 	
      284	          778 	
      285	          790 	
      286	          820 	
      287	          747 	
      288	          753 	
      289	          776 	
      290	          773 	
      291	          776 	
      292	          741 	
      293	          747 	
      294	          729 	
      295	          789 	
      296	          701 	
      297	          739 	
      298	          725 	
      299	          751 	
      300	          749 	
      301	          752 	
      302	          823 	
      303	          757 	
      304	          756 	
      305	          791 	
      306	          762 	
      307	          805 	
      308	          814 	
      309	          782 	
      310	          758 	
      311	          775 	
      312	          739 	
      313	          782 	
      314	          723 	
      315	          811 	
      316	          732 	
      317	          776 	
      318	          795 	
      319	          781 	
      320	          862 	
      321	          779 	
      322	          715 	
      323	          758 	
      324	          769 	
      325	          719 	
      326	          798 	
      327	          756 	
      328	          744 	
      329	          801 	
      330	          755 	
      331	          726 	
      332	          826 	
      333	          787 	
      334	          763 	
      335	          780 	
      336	          793 	
      337	          740 	
      338	          788 	
      339	          768 	
      340	          785 	
      341	          773 	
      342	          812 	
      343	          768 	
      344	          754 	
      345	          814 	
      346	          752 	
      347	          758 	
      348	          708 	
      349	          718 	
      350	          751 	
      351	          780 	
      352	          775 	
      353	          762 	
      354	          752 	
      355	          718 	
      356	          780 	
      357	          784 	
      358	          745 	
      359	          839 	
      360	          790 	
      361	          791 	
      362	          808 	
      363	          744 	
      364	          753 	
      365	          756 	
      366	          732 	
      367	          744 	
      368	          788 	
      369	          770 	
      370	          775 	
      371	          778 	
      372	          824 	
      373	          790 	
      374	          759 	
      375	          800 	
      376	          823 	
      377	          773 	
      378	          705 	
      379	          773 	
      380	          781 	
      381	          779 	
      382	          733 	
      383	          743 	
      384	          783 	
      385	          780 	
      386	          722 	
      387	          709 	
      388	          769 	
      389	          765 	
      390	          748 	
      391	          715 	
      392	          757 	
      393	          805 	
      394	          731 	
      395	          775 	
      396	          798 	
      397	          815 	
      398	          795 	
      399	          823 	
      400	          775 	
      401	          802 	
      402	          781 	
      403	          772 	
      404	          812 	
      405	          841 	
      406	          789 	
      407	          752 	
      408	          800 	
      409	          795 	
      410	          821 	
      411	          790 	
      412	          831 	
      413	          779 	
      414	          791 	
      415	          814 	
      416	          796 	
      417	          832 	
      418	          845 	
      419	          754 	
      420	          794 	
      421	          804 	
      422	          821 	
      423	          792 	
      424	          776 	
      425	          761 	
      426	          833 	
      427	          816 	
      428	          747 	
      429	          758 	
      430	          851 	
      431	          784 	
      432	          819 	
      433	          788 	
      434	          742 	
      435	          752 	
      436	          721 	
      437	          768 	
      438	          855 	
      439	          700 	
      440	          698 	
      441	          768 	
      442	          799 	
      443	          758 	
      444	          789 	
      445	          782 	
      446	          750 	
      447	          768 	
      448	          765 	
      449	          760 	
      450	          775 	
      451	          741 	
      452	          763 	
      453	          752 	
      454	          809 	
      455	          694 	
      456	          784 	
      457	          773 	
      458	          792 	
      459	          753 	
      460	          754 	
      461	          806 	
      462	          824 	
      463	          749 	
      464	          807 	
      465	          761 	
      466	          840 	
      467	          777 	
      468	          776 	
      469	          712 	
      470	          816 	
      471	          803 	
      472	          794 	
      473	          805 	
      474	          789 	
      475	          713 	
      476	          802 	
      477	          828 	
      478	          790 	
      479	          777 	
      480	          806 	
      481	          822 	
      482	          787 	
      483	          803 	
      484	          796 	
      485	          794 	
      486	          808 	
      487	          807 	
      488	          775 	
      489	          788 	
      490	          826 	
      491	          734 	
      492	          781 	
      493	          750 	
      494	          815 	
      495	          768 	
      496	          809 	
      497	          757 	
      498	          789 	
      499	          744 	
      500	          798 	
      501	          745 	
      502	          782 	
      503	          762 	
