Thorlabs Single Photon Counter Data Export

Date (YYYY-MM-DD):	2018-07-17
Time (HH:MM:SS):	16:53:34
Device Name:	SPCM50A
Serial Number:	M00451789
GUI Revision:	1.0 Build 2
Driver Revision:	1.0.1
Firmware Revision:	1.0.0

Application settings:
Operating Mode:	Free Running Timed Counter
Bin Length [ms]:	100
Time between Bins [ms]:	0.001
Pulse Blind Time [ns]:	0
Trigger Edge:	non-applicable
Array Measurement:	No
Array Measurement Continuously:	non-applicable
Bins per Array:	non-applicable
Active APD Gating:	No
Fan Off:	No

Bin Number 	Counts per Bin 	Remarks
        1	          590 	
        2	          600 	
        3	          582 	
        4	          567 	
        5	          614 	
        6	          582 	
        7	          562 	
        8	          595 	
        9	          584 	
       10	          570 	
       11	          593 	
       12	          566 	
       13	          574 	
       14	          577 	
       15	          545 	
       16	          634 	
       17	          553 	
       18	          549 	
       19	          599 	
       20	          537 	
       21	          583 	
       22	          541 	
       23	          535 	
       24	          562 	
       25	          571 	
       26	          558 	
       27	          581 	
       28	          624 	
       29	          558 	
       30	          608 	
       31	          566 	
       32	          594 	
       33	          580 	
       34	          538 	
       35	          561 	
       36	          581 	
       37	          511 	
       38	          569 	
       39	          564 	
       40	          573 	
       41	          588 	
       42	          524 	
       43	          590 	
       44	          580 	
       45	          547 	
       46	          570 	
       47	          569 	
       48	          570 	
       49	          556 	
       50	          557 	
       51	          527 	
       52	          599 	
       53	          590 	
       54	          557 	
       55	          542 	
       56	          535 	
       57	          588 	
       58	          606 	
       59	          555 	
       60	          603 	
       61	          563 	
       62	          548 	
       63	          535 	
       64	          526 	
       65	          559 	
       66	          603 	
       67	          586 	
       68	          552 	
       69	          616 	
       70	          592 	
       71	          555 	
       72	          578 	
       73	          465 	
       74	          572 	
       75	          546 	
       76	          569 	
       77	          604 	
       78	          562 	
       79	          597 	
       80	          554 	
       81	          587 	
       82	          580 	
       83	          588 	
       84	          576 	
       85	          568 	
       86	          611 	
       87	          579 	
       88	          607 	
       89	          567 	
       90	          556 	
       91	          574 	
       92	          578 	
       93	          580 	
       94	          580 	
       95	          586 	
       96	          567 	
       97	          548 	
       98	          537 	
       99	          519 	
      100	          586 	
      101	          576 	
      102	          565 	
      103	          580 	
      104	          567 	
      105	          562 	
      106	          608 	
      107	          536 	
      108	          552 	
      109	          612 	
      110	          560 	
      111	          578 	
      112	          502 	
      113	          537 	
      114	          571 	
      115	          549 	
      116	          559 	
      117	          558 	
      118	          552 	
      119	          601 	
      120	          596 	
      121	          520 	
      122	          525 	
      123	          559 	
      124	          578 	
      125	          567 	
      126	          525 	
      127	          544 	
      128	          554 	
      129	          530 	
      130	          591 	
      131	          550 	
      132	          526 	
      133	          600 	
      134	          557 	
      135	          615 	
      136	          577 	
      137	          543 	
      138	          585 	
      139	          548 	
      140	          583 	
      141	          532 	
      142	          562 	
      143	          566 	
      144	          553 	
      145	          560 	
      146	          527 	
      147	          542 	
      148	          527 	
      149	          587 	
      150	          602 	
      151	          579 	
      152	          569 	
      153	          571 	
      154	          597 	
      155	          583 	
      156	          599 	
      157	          580 	
      158	          592 	
      159	          557 	
      160	          573 	
      161	          554 	
      162	          578 	
      163	          608 	
      164	          555 	
      165	          531 	
      166	          525 	
      167	          528 	
      168	          566 	
      169	          558 	
      170	          578 	
      171	          597 	
      172	          590 	
      173	          596 	
      174	          556 	
      175	          612 	
      176	          617 	
      177	          562 	
      178	          601 	
      179	          540 	
      180	          538 	
      181	          616 	
      182	          624 	
      183	          545 	
      184	          533 	
      185	          564 	
      186	          585 	
      187	          615 	
      188	          566 	
      189	          512 	
      190	          571 	
      191	          585 	
      192	          580 	
      193	          534 	
      194	          604 	
      195	          574 	
      196	          594 	
      197	          541 	
      198	          515 	
      199	          534 	
      200	          591 	
      201	          586 	
      202	          547 	
      203	          604 	
      204	          565 	
      205	          511 	
      206	          590 	
      207	          598 	
      208	          595 	
      209	          558 	
      210	          520 	
      211	          575 	
      212	          585 	
      213	          638 	
      214	          559 	
      215	          607 	
      216	          608 	
      217	          563 	
      218	          608 	
      219	          538 	
      220	          581 	
      221	          522 	
      222	          581 	
      223	          535 	
      224	          606 	
      225	          532 	
      226	          593 	
      227	          519 	
      228	          570 	
      229	          583 	
      230	          566 	
      231	          543 	
      232	          574 	
      233	          545 	
      234	          535 	
      235	          563 	
      236	          534 	
      237	          548 	
      238	          606 	
      239	          561 	
      240	          568 	
      241	          557 	
      242	          555 	
      243	          611 	
      244	          562 	
      245	          556 	
      246	          520 	
      247	          545 	
      248	          574 	
      249	          515 	
      250	          540 	
      251	          585 	
      252	          547 	
      253	          545 	
      254	          533 	
      255	          540 	
      256	          610 	
      257	          577 	
      258	          576 	
      259	          594 	
      260	          573 	
      261	          579 	
      262	          591 	
      263	          585 	
      264	          525 	
      265	          582 	
      266	          589 	
      267	          549 	
      268	          522 	
      269	          540 	
      270	          586 	
      271	          555 	
      272	          593 	
      273	          573 	
      274	          557 	
      275	          600 	
      276	          554 	
      277	          599 	
      278	          557 	
      279	          567 	
      280	          590 	
      281	          545 	
      282	          567 	
      283	          602 	
      284	          587 	
      285	          546 	
      286	          587 	
      287	          574 	
      288	          575 	
      289	          538 	
      290	          609 	
      291	          565 	
      292	          567 	
      293	          644 	
      294	          539 	
      295	          545 	
      296	          573 	
      297	          588 	
      298	          576 	
      299	          550 	
      300	          588 	
      301	          589 	
      302	          608 	
      303	          598 	
      304	          555 	
      305	          625 	
      306	          617 	
      307	          573 	
      308	          548 	
      309	          580 	
      310	          565 	
      311	          594 	
      312	          529 	
      313	          539 	
      314	          553 	
      315	          560 	
      316	          557 	
      317	          566 	
      318	          582 	
      319	          592 	
      320	          589 	
      321	          539 	
      322	          533 	
      323	          584 	
      324	          602 	
      325	          563 	
      326	          577 	
      327	          554 	
      328	          557 	
      329	          546 	
      330	          569 	
      331	          584 	
      332	          606 	
      333	          518 	
      334	          578 	
      335	          585 	
      336	          539 	
      337	          595 	
      338	          531 	
      339	          549 	
      340	          576 	
      341	          585 	
      342	          593 	
      343	          598 	
      344	          531 	
      345	          582 	
      346	          568 	
      347	          554 	
      348	          586 	
      349	          540 	
      350	          586 	
      351	          567 	
      352	          577 	
      353	          604 	
      354	          603 	
      355	          587 	
      356	          610 	
      357	          590 	
      358	          600 	
      359	          608 	
      360	          564 	
      361	          613 	
      362	          568 	
      363	          546 	
      364	          618 	
      365	          559 	
      366	          549 	
      367	          503 	
      368	          647 	
      369	          579 	
      370	          592 	
      371	          571 	
      372	          585 	
      373	          533 	
      374	          529 	
      375	          551 	
      376	          589 	
      377	          590 	
      378	          641 	
      379	          595 	
      380	          575 	
      381	          581 	
      382	          584 	
      383	          588 	
      384	          602 	
      385	          563 	
      386	          570 	
      387	          599 	
      388	          590 	
      389	          615 	
      390	          595 	
      391	          590 	
      392	          582 	
      393	          553 	
      394	          546 	
      395	          576 	
      396	          548 	
      397	          577 	
      398	          542 	
      399	          544 	
      400	          567 	
      401	          567 	
      402	          567 	
      403	          560 	
      404	          598 	
      405	          588 	
      406	          573 	
      407	          564 	
      408	          570 	
      409	          584 	
      410	          605 	
      411	          614 	
      412	          569 	
      413	          589 	
      414	          629 	
      415	          600 	
      416	          599 	
      417	          605 	
      418	          572 	
      419	          556 	
      420	          544 	
      421	          579 	
      422	          565 	
      423	          562 	
      424	          567 	
      425	          586 	
      426	          578 	
      427	          530 	
      428	          574 	
      429	          588 	
      430	          602 	
      431	          545 	
      432	          540 	
      433	          617 	
      434	          612 	
      435	          560 	
      436	          595 	
      437	          624 	
      438	          573 	
      439	          621 	
      440	          597 	
      441	          614 	
      442	          597 	
      443	          632 	
      444	          599 	
      445	          601 	
      446	          604 	
      447	          599 	
      448	          534 	
      449	          550 	
      450	          550 	
      451	          538 	
      452	          584 	
      453	          558 	
      454	          630 	
      455	          572 	
      456	          604 	
      457	          594 	
      458	          594 	
      459	          573 	
      460	          597 	
      461	          586 	
      462	          575 	
      463	          596 	
      464	          578 	
      465	          580 	
      466	          582 	
      467	          599 	
      468	          548 	
      469	          543 	
      470	          559 	
      471	          607 	
      472	          598 	
      473	          537 	
      474	          624 	
      475	          565 	
      476	          571 	
      477	          594 	
      478	          582 	
      479	          522 	
      480	          566 	
      481	          587 	
      482	          601 	
      483	          546 	
      484	          548 	
      485	          631 	
      486	          566 	
      487	          566 	
      488	          567 	
      489	          548 	
      490	          534 	
      491	          587 	
      492	          588 	
      493	          632 	
      494	          583 	
      495	          579 	
      496	          664 	
      497	          587 	
      498	          566 	
      499	          544 	
