Thorlabs Single Photon Counter Data Export

Date (YYYY-MM-DD):	2018-06-27
Time (HH:MM:SS):	15:29:36
Device Name:	SPCM50A
Serial Number:	M00451789
GUI Revision:	1.0 Build 2
Driver Revision:	1.0.1
Firmware Revision:	1.0.0

Application settings:
Operating Mode:	Free Running Timed Counter
Bin Length [ms]:	100
Time between Bins [ms]:	0.001
Pulse Blind Time [ns]:	0
Trigger Edge:	non-applicable
Array Measurement:	No
Array Measurement Continuously:	non-applicable
Bins per Array:	non-applicable
Active APD Gating:	No
Fan Off:	No

Bin Number 	Counts per Bin 	Remarks
        1	           84 	
        2	           89 	
        3	           84 	
        4	          102 	
        5	           94 	
        6	          102 	
        7	           97 	
        8	           88 	
        9	          104 	
       10	           84 	
       11	           85 	
       12	           94 	
       13	          111 	
       14	           82 	
       15	           96 	
       16	          104 	
       17	          103 	
       18	           87 	
       19	           95 	
       20	           93 	
       21	           81 	
       22	           94 	
       23	           91 	
       24	           87 	
       25	          102 	
       26	          110 	
       27	           88 	
       28	          115 	
       29	          100 	
       30	          102 	
       31	          103 	
       32	           99 	
       33	           85 	
       34	          116 	
       35	           87 	
       36	           85 	
       37	           88 	
       38	           96 	
       39	          108 	
       40	           93 	
       41	           88 	
       42	          112 	
       43	          111 	
       44	          101 	
       45	           99 	
       46	           82 	
       47	           89 	
       48	           88 	
       49	           97 	
       50	          100 	
       51	           98 	
       52	           73 	
       53	           84 	
       54	          113 	
       55	           89 	
       56	           92 	
       57	           75 	
       58	           89 	
       59	           76 	
       60	           82 	
       61	           83 	
       62	           99 	
       63	           89 	
       64	           76 	
       65	           90 	
       66	           95 	
       67	          104 	
       68	          111 	
       69	          101 	
       70	           78 	
       71	           82 	
       72	           84 	
       73	           96 	
       74	           83 	
       75	           88 	
       76	           99 	
       77	           85 	
       78	          104 	
       79	          102 	
       80	           97 	
       81	           89 	
       82	          108 	
       83	          106 	
       84	           77 	
       85	           98 	
       86	          106 	
       87	          105 	
       88	           84 	
       89	           88 	
       90	           89 	
       91	          106 	
       92	           90 	
       93	          101 	
       94	           92 	
       95	          107 	
       96	           78 	
       97	           88 	
       98	          101 	
       99	           96 	
      100	           96 	
      101	           85 	
      102	           90 	
      103	           94 	
      104	           94 	
      105	           92 	
      106	           92 	
      107	           94 	
      108	          100 	
      109	           93 	
      110	           87 	
      111	           91 	
      112	           77 	
      113	           77 	
      114	           82 	
      115	           96 	
      116	           82 	
      117	          101 	
      118	           83 	
      119	          102 	
      120	           88 	
      121	           81 	
      122	           93 	
      123	           89 	
      124	           91 	
      125	           85 	
      126	           92 	
      127	          106 	
      128	           96 	
      129	           85 	
      130	           83 	
      131	           95 	
      132	           79 	
      133	           95 	
      134	           90 	
      135	           88 	
      136	           86 	
      137	          108 	
      138	           87 	
      139	           91 	
      140	           92 	
      141	           94 	
      142	           89 	
      143	           90 	
      144	           88 	
      145	          106 	
      146	           94 	
      147	           85 	
      148	           84 	
      149	          105 	
      150	           91 	
      151	           84 	
      152	          100 	
      153	           85 	
      154	          103 	
      155	           91 	
      156	           99 	
      157	           92 	
      158	          102 	
      159	           86 	
      160	           83 	
      161	           88 	
      162	          106 	
      163	           97 	
      164	           92 	
      165	           83 	
      166	          103 	
      167	          109 	
      168	           69 	
      169	           95 	
      170	           98 	
      171	           93 	
      172	           97 	
      173	           99 	
      174	           77 	
      175	          101 	
      176	          107 	
      177	           91 	
      178	           96 	
      179	           77 	
      180	          104 	
      181	           81 	
      182	          103 	
      183	           98 	
      184	          100 	
      185	           91 	
      186	          100 	
      187	           76 	
      188	           92 	
      189	           86 	
      190	           73 	
      191	          101 	
      192	           85 	
      193	           81 	
      194	           87 	
      195	          100 	
      196	           88 	
      197	          111 	
      198	          108 	
      199	           97 	
      200	          110 	
      201	           92 	
      202	           86 	
      203	           89 	
      204	           84 	
      205	           79 	
      206	           94 	
      207	           98 	
      208	           98 	
      209	           72 	
      210	           80 	
      211	          100 	
      212	           86 	
      213	          114 	
      214	           92 	
      215	          113 	
      216	           79 	
      217	           98 	
      218	          104 	
      219	           94 	
      220	           89 	
      221	           97 	
      222	           87 	
      223	          101 	
      224	           81 	
      225	          107 	
      226	           88 	
      227	           90 	
      228	          101 	
      229	          102 	
      230	           88 	
      231	           71 	
      232	           87 	
      233	           79 	
      234	           93 	
      235	           94 	
      236	           90 	
      237	           97 	
      238	           98 	
      239	           88 	
      240	           94 	
      241	           97 	
      242	           76 	
      243	           96 	
      244	           99 	
      245	           93 	
      246	           92 	
      247	          100 	
      248	           92 	
      249	           97 	
      250	           89 	
      251	           79 	
      252	           96 	
      253	           93 	
      254	           91 	
      255	          103 	
      256	           90 	
      257	           83 	
      258	           77 	
      259	          110 	
      260	           94 	
      261	          109 	
      262	           83 	
      263	           82 	
      264	           95 	
      265	           99 	
      266	          101 	
      267	          101 	
      268	          108 	
      269	          123 	
      270	          103 	
      271	          123 	
      272	           84 	
      273	          109 	
      274	           62 	
      275	           77 	
      276	           83 	
      277	           99 	
      278	           86 	
      279	           96 	
      280	           84 	
      281	           88 	
      282	           70 	
      283	           74 	
      284	           83 	
      285	          100 	
      286	           86 	
      287	           83 	
      288	           83 	
      289	           94 	
      290	           92 	
      291	           86 	
      292	           93 	
      293	           78 	
      294	           87 	
      295	          106 	
      296	           79 	
      297	          108 	
      298	           82 	
      299	          105 	
      300	           89 	
      301	          105 	
      302	           86 	
      303	           99 	
      304	          100 	
      305	           91 	
      306	           92 	
      307	           85 	
      308	          103 	
      309	           98 	
      310	          104 	
      311	           97 	
      312	           95 	
      313	           84 	
      314	          119 	
      315	           85 	
      316	           98 	
      317	          101 	
      318	          100 	
      319	           85 	
      320	           79 	
      321	           94 	
      322	           87 	
      323	           99 	
      324	          106 	
      325	           94 	
      326	           93 	
      327	           94 	
      328	          100 	
      329	           99 	
      330	           94 	
      331	          101 	
      332	           95 	
      333	           99 	
      334	           83 	
      335	           97 	
      336	           91 	
      337	          110 	
      338	          109 	
      339	           96 	
      340	           87 	
      341	           86 	
      342	          104 	
      343	           93 	
      344	           88 	
      345	           97 	
      346	           89 	
      347	          108 	
      348	           80 	
      349	           91 	
      350	           98 	
      351	          111 	
      352	           77 	
      353	           88 	
      354	           91 	
      355	           94 	
      356	          105 	
      357	          106 	
      358	           83 	
      359	           91 	
      360	           93 	
      361	           96 	
      362	          116 	
      363	          103 	
      364	           95 	
      365	           92 	
      366	           84 	
      367	           96 	
      368	           79 	
      369	          101 	
      370	           72 	
      371	           84 	
      372	           99 	
      373	           94 	
      374	           79 	
      375	           94 	
      376	          106 	
      377	           93 	
      378	           80 	
      379	          107 	
      380	           95 	
      381	          101 	
      382	          111 	
      383	           95 	
      384	           91 	
      385	          107 	
      386	           97 	
      387	           98 	
      388	           91 	
      389	           83 	
      390	           86 	
      391	          102 	
      392	           85 	
      393	          105 	
      394	          102 	
      395	          105 	
      396	          112 	
      397	           86 	
      398	           94 	
      399	           91 	
      400	          107 	
      401	          104 	
      402	           91 	
      403	           94 	
      404	           95 	
      405	          110 	
      406	           98 	
      407	           93 	
      408	          113 	
      409	           97 	
      410	           78 	
      411	           90 	
      412	           95 	
      413	          102 	
      414	           98 	
      415	           95 	
      416	           83 	
      417	           67 	
      418	           99 	
      419	           83 	
      420	           91 	
      421	          113 	
      422	          108 	
      423	           91 	
      424	           82 	
      425	           82 	
      426	           99 	
      427	           99 	
      428	          108 	
      429	          106 	
      430	          107 	
      431	           80 	
      432	           90 	
      433	           81 	
      434	           76 	
      435	           87 	
      436	           91 	
      437	           71 	
      438	           87 	
      439	           99 	
      440	           82 	
      441	           86 	
      442	           77 	
      443	           97 	
      444	          100 	
      445	          105 	
      446	           82 	
      447	           95 	
      448	           85 	
      449	           73 	
      450	           86 	
      451	           80 	
      452	           98 	
      453	           90 	
      454	           81 	
      455	          100 	
      456	           98 	
      457	           94 	
      458	          114 	
      459	           85 	
      460	           93 	
      461	           81 	
      462	           88 	
      463	           93 	
      464	           96 	
      465	          108 	
      466	           94 	
      467	          107 	
      468	           80 	
      469	          104 	
      470	          100 	
      471	           89 	
      472	          102 	
      473	           88 	
      474	           98 	
      475	           90 	
      476	           96 	
      477	           82 	
      478	           96 	
      479	          123 	
      480	           94 	
      481	           82 	
      482	          125 	
      483	          103 	
      484	          102 	
      485	           94 	
      486	           90 	
      487	           95 	
      488	           81 	
      489	          102 	
      490	          107 	
      491	           94 	
      492	           90 	
      493	          101 	
      494	           75 	
      495	           99 	
      496	           95 	
      497	           90 	
      498	           87 	
      499	          104 	
      500	           91 	
      501	          101 	
      502	           84 	
      503	           70 	
