Thorlabs Single Photon Counter Data Export

Date (YYYY-MM-DD):	2018-07-16
Time (HH:MM:SS):	17:44:55
Device Name:	SPCM50A
Serial Number:	M00451789
GUI Revision:	1.0 Build 2
Driver Revision:	1.0.1
Firmware Revision:	1.0.0

Application settings:
Operating Mode:	Free Running Timed Counter
Bin Length [ms]:	100
Time between Bins [ms]:	0.001
Pulse Blind Time [ns]:	0
Trigger Edge:	non-applicable
Array Measurement:	No
Array Measurement Continuously:	non-applicable
Bins per Array:	non-applicable
Active APD Gating:	No
Fan Off:	No

Bin Number 	Counts per Bin 	Remarks
        1	          396 	
        2	          413 	
        3	          408 	
        4	          448 	
        5	          387 	
        6	          459 	
        7	          416 	
        8	          440 	
        9	          427 	
       10	          376 	
       11	          401 	
       12	          394 	
       13	          423 	
       14	          378 	
       15	          438 	
       16	          419 	
       17	          407 	
       18	          443 	
       19	          413 	
       20	          415 	
       21	          427 	
       22	          398 	
       23	          419 	
       24	          424 	
       25	          401 	
       26	          475 	
       27	          399 	
       28	          416 	
       29	          366 	
       30	          406 	
       31	          418 	
       32	          446 	
       33	          405 	
       34	          401 	
       35	          427 	
       36	          422 	
       37	          426 	
       38	          410 	
       39	          406 	
       40	          419 	
       41	          392 	
       42	          448 	
       43	          415 	
       44	          396 	
       45	          440 	
       46	          442 	
       47	          425 	
       48	          424 	
       49	          409 	
       50	          403 	
       51	          423 	
       52	          389 	
       53	          433 	
       54	          398 	
       55	          427 	
       56	          466 	
       57	          429 	
       58	          455 	
       59	          392 	
       60	          432 	
       61	          436 	
       62	          430 	
       63	          411 	
       64	          393 	
       65	          410 	
       66	          436 	
       67	          436 	
       68	          438 	
       69	          460 	
       70	          434 	
       71	          435 	
       72	          419 	
       73	          435 	
       74	          435 	
       75	          355 	
       76	          419 	
       77	          365 	
       78	          407 	
       79	          388 	
       80	          392 	
       81	          371 	
       82	          340 	
       83	          421 	
       84	          433 	
       85	          419 	
       86	          415 	
       87	          400 	
       88	          392 	
       89	          420 	
       90	          382 	
       91	          427 	
       92	          421 	
       93	          401 	
       94	          406 	
       95	          421 	
       96	          384 	
       97	          417 	
       98	          406 	
       99	          394 	
      100	          380 	
      101	          443 	
      102	          444 	
      103	          428 	
      104	          391 	
      105	          430 	
      106	          425 	
      107	          362 	
      108	          420 	
      109	          410 	
      110	          422 	
      111	          407 	
      112	          404 	
      113	          478 	
      114	          434 	
      115	          438 	
      116	          416 	
      117	          353 	
      118	          452 	
      119	          434 	
      120	          406 	
      121	          467 	
      122	          460 	
      123	          432 	
      124	          371 	
      125	          409 	
      126	          404 	
      127	          419 	
      128	          419 	
      129	          420 	
      130	          465 	
      131	          429 	
      132	          409 	
      133	          428 	
      134	          447 	
      135	          405 	
      136	          415 	
      137	          399 	
      138	          468 	
      139	          459 	
      140	          438 	
      141	          419 	
      142	          466 	
      143	          453 	
      144	          438 	
      145	          401 	
      146	          445 	
      147	          441 	
      148	          431 	
      149	          418 	
      150	          432 	
      151	          451 	
      152	          426 	
      153	          450 	
      154	          415 	
      155	          427 	
      156	          403 	
      157	          379 	
      158	          474 	
      159	          415 	
      160	          394 	
      161	          438 	
      162	          450 	
      163	          438 	
      164	          443 	
      165	          427 	
      166	          405 	
      167	          413 	
      168	          415 	
      169	          408 	
      170	          398 	
      171	          432 	
      172	          415 	
      173	          388 	
      174	          392 	
      175	          391 	
      176	          457 	
      177	          420 	
      178	          443 	
      179	          450 	
      180	          437 	
      181	          446 	
      182	          398 	
      183	          404 	
      184	          480 	
      185	          481 	
      186	          450 	
      187	          448 	
      188	          450 	
      189	          451 	
      190	          449 	
      191	          426 	
      192	          395 	
      193	          431 	
      194	          403 	
      195	          442 	
      196	          441 	
      197	          458 	
      198	          475 	
      199	          434 	
      200	          421 	
      201	          460 	
      202	          428 	
      203	          436 	
      204	          419 	
      205	          435 	
      206	          407 	
      207	          442 	
      208	          432 	
      209	          473 	
      210	          403 	
      211	          427 	
      212	          434 	
      213	          383 	
      214	          425 	
      215	          434 	
      216	          462 	
      217	          407 	
      218	          416 	
      219	          436 	
      220	          426 	
      221	          455 	
      222	          413 	
      223	          419 	
      224	          422 	
      225	          455 	
      226	          401 	
      227	          451 	
      228	          435 	
      229	          425 	
      230	          446 	
      231	          432 	
      232	          463 	
      233	          415 	
      234	          446 	
      235	          443 	
      236	          441 	
      237	          429 	
      238	          463 	
      239	          411 	
      240	          417 	
      241	          428 	
      242	          452 	
      243	          423 	
      244	          420 	
      245	          463 	
      246	          433 	
      247	          438 	
      248	          401 	
      249	          439 	
      250	          452 	
      251	          468 	
      252	          416 	
      253	          435 	
      254	          413 	
      255	          458 	
      256	          465 	
      257	          448 	
      258	          432 	
      259	          445 	
      260	          448 	
      261	          435 	
      262	          458 	
      263	          462 	
      264	          453 	
      265	          414 	
      266	          442 	
      267	          418 	
      268	          394 	
      269	          470 	
      270	          431 	
      271	          450 	
      272	          403 	
      273	          475 	
      274	          414 	
      275	          454 	
      276	          448 	
      277	          469 	
      278	          429 	
      279	          456 	
      280	          438 	
      281	          436 	
      282	          446 	
      283	          452 	
      284	          427 	
      285	          446 	
      286	          418 	
      287	          428 	
      288	          460 	
      289	          412 	
      290	          395 	
      291	          409 	
      292	          398 	
      293	          468 	
      294	          431 	
      295	          447 	
      296	          448 	
      297	          404 	
      298	          442 	
      299	          445 	
      300	          472 	
      301	          448 	
      302	          417 	
      303	          400 	
      304	          393 	
      305	          406 	
      306	          441 	
      307	          468 	
      308	          439 	
      309	          397 	
      310	          402 	
      311	          455 	
      312	          376 	
      313	          472 	
      314	          406 	
      315	          457 	
      316	          405 	
      317	          405 	
      318	          417 	
      319	          413 	
      320	          473 	
      321	          467 	
      322	          421 	
      323	          403 	
      324	          424 	
      325	          437 	
      326	          382 	
      327	          444 	
      328	          427 	
      329	          456 	
      330	          440 	
      331	          398 	
      332	          409 	
      333	          456 	
      334	          437 	
      335	          413 	
      336	          461 	
      337	          434 	
      338	          419 	
      339	          452 	
      340	          432 	
      341	          417 	
      342	          434 	
      343	          415 	
      344	          440 	
      345	          418 	
      346	          430 	
      347	          401 	
      348	          439 	
      349	          440 	
      350	          417 	
      351	          443 	
      352	          414 	
      353	          438 	
      354	          394 	
      355	          381 	
      356	          385 	
      357	          415 	
      358	          379 	
      359	          436 	
      360	          470 	
      361	          437 	
      362	          407 	
      363	          430 	
      364	          422 	
      365	          405 	
      366	          442 	
      367	          402 	
      368	          406 	
      369	          398 	
      370	          376 	
      371	          437 	
      372	          419 	
      373	          405 	
      374	          382 	
      375	          417 	
      376	          417 	
      377	          384 	
      378	          480 	
      379	          428 	
      380	          421 	
      381	          401 	
      382	          419 	
      383	          414 	
      384	          405 	
      385	          418 	
      386	          388 	
      387	          451 	
      388	          396 	
      389	          400 	
      390	          403 	
      391	          405 	
      392	          407 	
      393	          456 	
      394	          427 	
      395	          433 	
      396	          411 	
      397	          424 	
      398	          426 	
      399	          411 	
      400	          417 	
      401	          411 	
      402	          441 	
      403	          436 	
      404	          427 	
      405	          393 	
      406	          400 	
      407	          413 	
      408	          428 	
      409	          389 	
      410	          390 	
      411	          424 	
      412	          442 	
      413	          426 	
      414	          434 	
      415	          420 	
      416	          433 	
      417	          410 	
      418	          412 	
      419	          415 	
      420	          383 	
      421	          405 	
      422	          397 	
      423	          433 	
      424	          457 	
      425	          495 	
      426	          448 	
      427	          452 	
      428	          437 	
      429	          441 	
      430	          455 	
      431	          394 	
      432	          457 	
      433	          397 	
      434	          449 	
      435	          479 	
      436	          424 	
      437	          431 	
      438	          427 	
      439	          417 	
      440	          390 	
      441	          398 	
      442	          433 	
      443	          410 	
      444	          424 	
      445	          411 	
      446	          419 	
      447	          445 	
      448	          378 	
      449	          425 	
      450	          414 	
      451	          435 	
      452	          402 	
      453	          402 	
      454	          382 	
      455	          381 	
      456	          410 	
      457	          465 	
      458	          402 	
      459	          396 	
      460	          435 	
      461	          392 	
      462	          405 	
      463	          393 	
      464	          411 	
      465	          418 	
      466	          399 	
      467	          382 	
      468	          443 	
      469	          361 	
      470	          416 	
      471	          420 	
      472	          426 	
      473	          406 	
      474	          415 	
      475	          405 	
      476	          393 	
      477	          404 	
      478	          448 	
      479	          431 	
      480	          402 	
      481	          403 	
      482	          411 	
      483	          405 	
      484	          470 	
      485	          410 	
      486	          402 	
      487	          440 	
      488	          424 	
      489	          411 	
      490	          398 	
      491	          425 	
      492	          405 	
      493	          433 	
      494	          397 	
      495	          434 	
      496	          450 	
      497	          402 	
      498	          418 	
      499	          467 	
      500	          447 	
