Thorlabs Single Photon Counter Data Export

Date (YYYY-MM-DD):	2018-07-16
Time (HH:MM:SS):	17:33:38
Device Name:	SPCM50A
Serial Number:	M00451789
GUI Revision:	1.0 Build 2
Driver Revision:	1.0.1
Firmware Revision:	1.0.0

Application settings:
Operating Mode:	Free Running Timed Counter
Bin Length [ms]:	100
Time between Bins [ms]:	0.001
Pulse Blind Time [ns]:	0
Trigger Edge:	non-applicable
Array Measurement:	No
Array Measurement Continuously:	non-applicable
Bins per Array:	non-applicable
Active APD Gating:	No
Fan Off:	No

Bin Number 	Counts per Bin 	Remarks
        1	          530 	
        2	          535 	
        3	          542 	
        4	          555 	
        5	          514 	
        6	          544 	
        7	          516 	
        8	          528 	
        9	          489 	
       10	          497 	
       11	          481 	
       12	          562 	
       13	          499 	
       14	          533 	
       15	          470 	
       16	          513 	
       17	          504 	
       18	          506 	
       19	          485 	
       20	          488 	
       21	          516 	
       22	          512 	
       23	          486 	
       24	          505 	
       25	          502 	
       26	          491 	
       27	          468 	
       28	          539 	
       29	          483 	
       30	          513 	
       31	          499 	
       32	          488 	
       33	          442 	
       34	          507 	
       35	          527 	
       36	          552 	
       37	          514 	
       38	          522 	
       39	          540 	
       40	          518 	
       41	          529 	
       42	          506 	
       43	          522 	
       44	          510 	
       45	          555 	
       46	          533 	
       47	          484 	
       48	          514 	
       49	          502 	
       50	          515 	
       51	          498 	
       52	          537 	
       53	          505 	
       54	          540 	
       55	          482 	
       56	          483 	
       57	          500 	
       58	          516 	
       59	          500 	
       60	          474 	
       61	          487 	
       62	          433 	
       63	          485 	
       64	          510 	
       65	          509 	
       66	          533 	
       67	          505 	
       68	          474 	
       69	          511 	
       70	          524 	
       71	          459 	
       72	          514 	
       73	          497 	
       74	          513 	
       75	          493 	
       76	          485 	
       77	          486 	
       78	          507 	
       79	          508 	
       80	          515 	
       81	          482 	
       82	          494 	
       83	          513 	
       84	          524 	
       85	          479 	
       86	          502 	
       87	          517 	
       88	          513 	
       89	          467 	
       90	          521 	
       91	          506 	
       92	          484 	
       93	          483 	
       94	          550 	
       95	          526 	
       96	          511 	
       97	          509 	
       98	          471 	
       99	          503 	
      100	          508 	
      101	          509 	
      102	          478 	
      103	          496 	
      104	          521 	
      105	          457 	
      106	          452 	
      107	          497 	
      108	          497 	
      109	          495 	
      110	          466 	
      111	          471 	
      112	          423 	
      113	          474 	
      114	          454 	
      115	          432 	
      116	          455 	
      117	          489 	
      118	          490 	
      119	          446 	
      120	          474 	
      121	          484 	
      122	          475 	
      123	          511 	
      124	          489 	
      125	          508 	
      126	          498 	
      127	          532 	
      128	          478 	
      129	          442 	
      130	          524 	
      131	          456 	
      132	          481 	
      133	          473 	
      134	          450 	
      135	          459 	
      136	          518 	
      137	          456 	
      138	          513 	
      139	          502 	
      140	          447 	
      141	          461 	
      142	          505 	
      143	          478 	
      144	          518 	
      145	          515 	
      146	          495 	
      147	          452 	
      148	          468 	
      149	          487 	
      150	          487 	
      151	          426 	
      152	          492 	
      153	          490 	
      154	          473 	
      155	          464 	
      156	          505 	
      157	          485 	
      158	          467 	
      159	          464 	
      160	          479 	
      161	          500 	
      162	          478 	
      163	          477 	
      164	          468 	
      165	          484 	
      166	          474 	
      167	          474 	
      168	          525 	
      169	          497 	
      170	          483 	
      171	          502 	
      172	          481 	
      173	          473 	
      174	          435 	
      175	          485 	
      176	          441 	
      177	          498 	
      178	          442 	
      179	          485 	
      180	          508 	
      181	          491 	
      182	          463 	
      183	          451 	
      184	          454 	
      185	          480 	
      186	          508 	
      187	          504 	
      188	          484 	
      189	          474 	
      190	          456 	
      191	          511 	
      192	          465 	
      193	          493 	
      194	          464 	
      195	          456 	
      196	          510 	
      197	          451 	
      198	          511 	
      199	          502 	
      200	          475 	
      201	          434 	
      202	          448 	
      203	          503 	
      204	          477 	
      205	          459 	
      206	          492 	
      207	          477 	
      208	          509 	
      209	          491 	
      210	          488 	
      211	          485 	
      212	          504 	
      213	          449 	
      214	          523 	
      215	          513 	
      216	          464 	
      217	          503 	
      218	          531 	
      219	          452 	
      220	          501 	
      221	          483 	
      222	          508 	
      223	          483 	
      224	          489 	
      225	          518 	
      226	          485 	
      227	          455 	
      228	          480 	
      229	          476 	
      230	          495 	
      231	          471 	
      232	          433 	
      233	          506 	
      234	          478 	
      235	          478 	
      236	          472 	
      237	          479 	
      238	          480 	
      239	          443 	
      240	          499 	
      241	          442 	
      242	          454 	
      243	          466 	
      244	          455 	
      245	          480 	
      246	          518 	
      247	          488 	
      248	          472 	
      249	          469 	
      250	          471 	
      251	          506 	
      252	          493 	
      253	          456 	
      254	          477 	
      255	          444 	
      256	          466 	
      257	          485 	
      258	          470 	
      259	          500 	
      260	          532 	
      261	          474 	
      262	          468 	
      263	          487 	
      264	          455 	
      265	          480 	
      266	          479 	
      267	          507 	
      268	          500 	
      269	          450 	
      270	          478 	
      271	          470 	
      272	          501 	
      273	          484 	
      274	          450 	
      275	          496 	
      276	          477 	
      277	          438 	
      278	          503 	
      279	          498 	
      280	          509 	
      281	          472 	
      282	          514 	
      283	          471 	
      284	          456 	
      285	          490 	
      286	          481 	
      287	          430 	
      288	          480 	
      289	          473 	
      290	          471 	
      291	          460 	
      292	          482 	
      293	          470 	
      294	          460 	
      295	          498 	
      296	          506 	
      297	          454 	
      298	          494 	
      299	          430 	
      300	          471 	
      301	          475 	
      302	          464 	
      303	          466 	
      304	          487 	
      305	          472 	
      306	          483 	
      307	          487 	
      308	          478 	
      309	          474 	
      310	          463 	
      311	          471 	
      312	          505 	
      313	          486 	
      314	          530 	
      315	          516 	
      316	          516 	
      317	          482 	
      318	          490 	
      319	          496 	
      320	          502 	
      321	          487 	
      322	          474 	
      323	          504 	
      324	          492 	
      325	          499 	
      326	          469 	
      327	          503 	
      328	          502 	
      329	          486 	
      330	          492 	
      331	          504 	
      332	          535 	
      333	          502 	
      334	          461 	
      335	          478 	
      336	          499 	
      337	          493 	
      338	          499 	
      339	          462 	
      340	          469 	
      341	          472 	
      342	          468 	
      343	          493 	
      344	          481 	
      345	          480 	
      346	          483 	
      347	          474 	
      348	          480 	
      349	          492 	
      350	          469 	
      351	          507 	
      352	          459 	
      353	          512 	
      354	          515 	
      355	          505 	
      356	          472 	
      357	          477 	
      358	          471 	
      359	          470 	
      360	          429 	
      361	          450 	
      362	          462 	
      363	          496 	
      364	          491 	
      365	          499 	
      366	          505 	
      367	          485 	
      368	          446 	
      369	          504 	
      370	          500 	
      371	          456 	
      372	          447 	
      373	          472 	
      374	          497 	
      375	          506 	
      376	          517 	
      377	          514 	
      378	          482 	
      379	          472 	
      380	          464 	
      381	          486 	
      382	          469 	
      383	          486 	
      384	          508 	
      385	          440 	
      386	          485 	
      387	          468 	
      388	          447 	
      389	          481 	
      390	          453 	
      391	          491 	
      392	          454 	
      393	          459 	
      394	          449 	
      395	          520 	
      396	          480 	
      397	          490 	
      398	          443 	
      399	          464 	
      400	          424 	
      401	          518 	
      402	          461 	
      403	          465 	
      404	          484 	
      405	          491 	
      406	          476 	
      407	          459 	
      408	          472 	
      409	          546 	
      410	          475 	
      411	          458 	
      412	          487 	
      413	          503 	
      414	          467 	
      415	          506 	
      416	          478 	
      417	          478 	
      418	          482 	
      419	          484 	
      420	          482 	
      421	          468 	
      422	          435 	
      423	          460 	
      424	          485 	
      425	          421 	
      426	          435 	
      427	          492 	
      428	          462 	
      429	          508 	
      430	          452 	
      431	          495 	
      432	          478 	
      433	          472 	
      434	          494 	
      435	          462 	
      436	          510 	
      437	          473 	
      438	          475 	
      439	          495 	
      440	          471 	
      441	          526 	
      442	          475 	
      443	          453 	
      444	          474 	
      445	          478 	
      446	          474 	
      447	          485 	
      448	          513 	
      449	          478 	
      450	          495 	
      451	          502 	
      452	          471 	
      453	          485 	
      454	          528 	
      455	          473 	
      456	          493 	
      457	          500 	
      458	          461 	
      459	          443 	
      460	          469 	
      461	          471 	
      462	          525 	
      463	          501 	
      464	          441 	
      465	          475 	
      466	          459 	
      467	          443 	
      468	          470 	
      469	          462 	
      470	          476 	
      471	          468 	
      472	          464 	
      473	          494 	
      474	          417 	
      475	          481 	
      476	          457 	
      477	          459 	
      478	          479 	
      479	          467 	
      480	          480 	
      481	          489 	
      482	          463 	
      483	          484 	
      484	          470 	
      485	          469 	
      486	          490 	
      487	          482 	
      488	          500 	
      489	          507 	
      490	          478 	
      491	          491 	
      492	          477 	
      493	          506 	
      494	          454 	
      495	          527 	
      496	          457 	
      497	          504 	
      498	          557 	
      499	          501 	
      500	          505 	
      501	          517 	
      502	          465 	
