Thorlabs Single Photon Counter Data Export

Date (YYYY-MM-DD):	2018-07-16
Time (HH:MM:SS):	17:26:29
Device Name:	SPCM50A
Serial Number:	M00451789
GUI Revision:	1.0 Build 2
Driver Revision:	1.0.1
Firmware Revision:	1.0.0

Application settings:
Operating Mode:	Free Running Timed Counter
Bin Length [ms]:	100
Time between Bins [ms]:	0.001
Pulse Blind Time [ns]:	0
Trigger Edge:	non-applicable
Array Measurement:	No
Array Measurement Continuously:	non-applicable
Bins per Array:	non-applicable
Active APD Gating:	No
Fan Off:	No

Bin Number 	Counts per Bin 	Remarks
        1	          739 	
        2	          754 	
        3	          759 	
        4	          729 	
        5	          758 	
        6	          751 	
        7	          772 	
        8	          796 	
        9	          718 	
       10	          714 	
       11	          747 	
       12	          723 	
       13	          688 	
       14	          713 	
       15	          788 	
       16	          754 	
       17	          710 	
       18	          731 	
       19	          709 	
       20	          720 	
       21	          714 	
       22	          725 	
       23	          744 	
       24	          758 	
       25	          751 	
       26	          739 	
       27	          691 	
       28	          726 	
       29	          757 	
       30	          699 	
       31	          723 	
       32	          698 	
       33	          730 	
       34	          724 	
       35	          740 	
       36	          731 	
       37	          725 	
       38	          757 	
       39	          733 	
       40	          708 	
       41	          708 	
       42	          701 	
       43	          689 	
       44	          676 	
       45	          755 	
       46	          682 	
       47	          711 	
       48	          685 	
       49	          788 	
       50	          755 	
       51	          742 	
       52	          717 	
       53	          708 	
       54	          745 	
       55	          717 	
       56	          737 	
       57	          729 	
       58	          771 	
       59	          695 	
       60	          753 	
       61	          711 	
       62	          766 	
       63	          728 	
       64	          728 	
       65	          744 	
       66	          742 	
       67	          765 	
       68	          722 	
       69	          654 	
       70	          769 	
       71	          714 	
       72	          714 	
       73	          759 	
       74	          770 	
       75	          706 	
       76	          712 	
       77	          718 	
       78	          697 	
       79	          662 	
       80	          688 	
       81	          736 	
       82	          752 	
       83	          711 	
       84	          784 	
       85	          711 	
       86	          746 	
       87	          779 	
       88	          717 	
       89	          742 	
       90	          722 	
       91	          724 	
       92	          750 	
       93	          759 	
       94	          710 	
       95	          747 	
       96	          772 	
       97	          782 	
       98	          742 	
       99	          718 	
      100	          694 	
      101	          714 	
      102	          778 	
      103	          728 	
      104	          734 	
      105	          745 	
      106	          745 	
      107	          720 	
      108	          708 	
      109	          755 	
      110	          740 	
      111	          741 	
      112	          713 	
      113	          747 	
      114	          705 	
      115	          753 	
      116	          770 	
      117	          711 	
      118	          725 	
      119	          725 	
      120	          738 	
      121	          700 	
      122	          752 	
      123	          712 	
      124	          701 	
      125	          745 	
      126	          763 	
      127	          713 	
      128	          797 	
      129	          734 	
      130	          739 	
      131	          711 	
      132	          736 	
      133	          817 	
      134	          703 	
      135	          744 	
      136	          757 	
      137	          715 	
      138	          732 	
      139	          694 	
      140	          723 	
      141	          755 	
      142	          759 	
      143	          752 	
      144	          756 	
      145	          722 	
      146	          725 	
      147	          740 	
      148	          766 	
      149	          759 	
      150	          719 	
      151	          727 	
      152	          707 	
      153	          782 	
      154	          675 	
      155	          698 	
      156	          749 	
      157	          756 	
      158	          741 	
      159	          709 	
      160	          768 	
      161	          757 	
      162	          715 	
      163	          752 	
      164	          732 	
      165	          745 	
      166	          742 	
      167	          736 	
      168	          773 	
      169	          703 	
      170	          733 	
      171	          721 	
      172	          756 	
      173	          723 	
      174	          709 	
      175	          750 	
      176	          715 	
      177	          746 	
      178	          712 	
      179	          775 	
      180	          736 	
      181	          699 	
      182	          750 	
      183	          672 	
      184	          761 	
      185	          759 	
      186	          735 	
      187	          737 	
      188	          743 	
      189	          695 	
      190	          754 	
      191	          756 	
      192	          751 	
      193	          733 	
      194	          690 	
      195	          743 	
      196	          708 	
      197	          721 	
      198	          770 	
      199	          722 	
      200	          705 	
      201	          672 	
      202	          697 	
      203	          753 	
      204	          725 	
      205	          766 	
      206	          770 	
      207	          712 	
      208	          745 	
      209	          740 	
      210	          712 	
      211	          716 	
      212	          745 	
      213	          692 	
      214	          744 	
      215	          716 	
      216	          682 	
      217	          706 	
      218	          754 	
      219	          691 	
      220	          751 	
      221	          722 	
      222	          713 	
      223	          719 	
      224	          733 	
      225	          672 	
      226	          738 	
      227	          712 	
      228	          750 	
      229	          747 	
      230	          726 	
      231	          710 	
      232	          734 	
      233	          747 	
      234	          720 	
      235	          699 	
      236	          750 	
      237	          714 	
      238	          722 	
      239	          699 	
      240	          727 	
      241	          737 	
      242	          696 	
      243	          725 	
      244	          698 	
      245	          746 	
      246	          794 	
      247	          730 	
      248	          709 	
      249	          746 	
      250	          692 	
      251	          766 	
      252	          752 	
      253	          723 	
      254	          790 	
      255	          690 	
      256	          730 	
      257	          742 	
      258	          743 	
      259	          712 	
      260	          691 	
      261	          760 	
      262	          713 	
      263	          775 	
      264	          701 	
      265	          722 	
      266	          729 	
      267	          721 	
      268	          696 	
      269	          760 	
      270	          760 	
      271	          677 	
      272	          729 	
      273	          717 	
      274	          757 	
      275	          742 	
      276	          726 	
      277	          711 	
      278	          713 	
      279	          710 	
      280	          756 	
      281	          693 	
      282	          696 	
      283	          756 	
      284	          721 	
      285	          807 	
      286	          733 	
      287	          742 	
      288	          743 	
      289	          736 	
      290	          714 	
      291	          691 	
      292	          744 	
      293	          720 	
      294	          768 	
      295	          697 	
      296	          764 	
      297	          729 	
      298	          755 	
      299	          680 	
      300	          724 	
      301	          719 	
      302	          804 	
      303	          748 	
      304	          728 	
      305	          740 	
      306	          738 	
      307	          704 	
      308	          712 	
      309	          753 	
      310	          691 	
      311	          739 	
      312	          720 	
      313	          762 	
      314	          779 	
      315	          794 	
      316	          763 	
      317	          735 	
      318	          731 	
      319	          749 	
      320	          670 	
      321	          740 	
      322	          686 	
      323	          744 	
      324	          743 	
      325	          749 	
      326	          760 	
      327	          763 	
      328	          678 	
      329	          742 	
      330	          743 	
      331	          747 	
      332	          765 	
      333	          716 	
      334	          734 	
      335	          740 	
      336	          726 	
      337	          726 	
      338	          758 	
      339	          741 	
      340	          746 	
      341	          770 	
      342	          718 	
      343	          709 	
      344	          715 	
      345	          748 	
      346	          723 	
      347	          738 	
      348	          700 	
      349	          739 	
      350	          774 	
      351	          710 	
      352	          735 	
      353	          759 	
      354	          739 	
      355	          738 	
      356	          742 	
      357	          730 	
      358	          733 	
      359	          744 	
      360	          725 	
      361	          766 	
      362	          769 	
      363	          712 	
      364	          728 	
      365	          698 	
      366	          740 	
      367	          753 	
      368	          743 	
      369	          684 	
      370	          729 	
      371	          694 	
      372	          811 	
      373	          699 	
      374	          719 	
      375	          749 	
      376	          693 	
      377	          717 	
      378	          721 	
      379	          733 	
      380	          700 	
      381	          738 	
      382	          712 	
      383	          706 	
      384	          746 	
      385	          708 	
      386	          725 	
      387	          747 	
      388	          703 	
      389	          749 	
      390	          731 	
      391	          723 	
      392	          754 	
      393	          746 	
      394	          753 	
      395	          695 	
      396	          734 	
      397	          742 	
      398	          754 	
      399	          714 	
      400	          730 	
      401	          709 	
      402	          741 	
      403	          752 	
      404	          685 	
      405	          765 	
      406	          752 	
      407	          757 	
      408	          727 	
      409	          712 	
      410	          716 	
      411	          713 	
      412	          708 	
      413	          765 	
      414	          745 	
      415	          760 	
      416	          697 	
      417	          697 	
      418	          690 	
      419	          705 	
      420	          746 	
      421	          698 	
      422	          723 	
      423	          739 	
      424	          741 	
      425	          719 	
      426	          790 	
      427	          751 	
      428	          747 	
      429	          729 	
      430	          727 	
      431	          780 	
      432	          711 	
      433	          724 	
      434	          676 	
      435	          716 	
      436	          717 	
      437	          734 	
      438	          684 	
      439	          755 	
      440	          753 	
      441	          796 	
      442	          752 	
      443	          697 	
      444	          780 	
      445	          729 	
      446	          777 	
      447	          737 	
      448	          711 	
      449	          784 	
      450	          712 	
      451	          731 	
      452	          781 	
      453	          710 	
      454	          728 	
      455	          718 	
      456	          749 	
      457	          782 	
      458	          770 	
      459	          698 	
      460	          731 	
      461	          752 	
      462	          743 	
      463	          720 	
      464	          746 	
      465	          756 	
      466	          717 	
      467	          715 	
      468	          722 	
      469	          724 	
      470	          755 	
      471	          712 	
      472	          752 	
      473	          723 	
      474	          751 	
      475	          729 	
      476	          722 	
      477	          713 	
      478	          691 	
      479	          734 	
      480	          738 	
      481	          724 	
      482	          721 	
      483	          723 	
      484	          762 	
      485	          772 	
      486	          765 	
      487	          680 	
      488	          726 	
      489	          773 	
      490	          712 	
      491	          710 	
      492	          702 	
      493	          755 	
      494	          718 	
      495	          785 	
      496	          767 	
      497	          732 	
      498	          728 	
      499	          727 	
      500	          778 	
      501	          704 	
      502	          732 	
      503	          762 	
      504	          739 	
      505	          739 	
      506	          713 	
      507	          747 	
      508	          746 	
      509	          743 	
      510	          740 	
      511	          718 	
      512	          749 	
      513	          758 	
      514	          729 	
      515	          800 	
      516	          722 	
      517	          724 	
      518	          695 	
      519	          755 	
      520	          737 	
      521	          705 	
      522	          739 	
      523	          764 	
      524	          741 	
      525	          714 	
      526	          799 	
      527	          748 	
