Thorlabs Single Photon Counter Data Export

Date (YYYY-MM-DD):	2018-07-11
Time (HH:MM:SS):	14:14:39
Device Name:	SPCM50A
Serial Number:	M00451789
GUI Revision:	1.0 Build 2
Driver Revision:	1.0.1
Firmware Revision:	1.0.0

Application settings:
Operating Mode:	Free Running Timed Counter
Bin Length [ms]:	100
Time between Bins [ms]:	0.001
Pulse Blind Time [ns]:	0
Trigger Edge:	non-applicable
Array Measurement:	No
Array Measurement Continuously:	non-applicable
Bins per Array:	non-applicable
Active APD Gating:	No
Fan Off:	No

Bin Number 	Counts per Bin 	Remarks
        1	         1077 	
        2	         1072 	
        3	         1112 	
        4	         1048 	
        5	         1092 	
        6	         1077 	
        7	         1059 	
        8	         1061 	
        9	         1118 	
       10	         1029 	
       11	         1023 	
       12	         1092 	
       13	         1047 	
       14	         1103 	
       15	         1001 	
       16	         1072 	
       17	         1060 	
       18	         1061 	
       19	         1038 	
       20	         1050 	
       21	         1083 	
       22	         1034 	
       23	         1067 	
       24	         1081 	
       25	         1029 	
       26	         1081 	
       27	         1029 	
       28	         1051 	
       29	         1090 	
       30	         1080 	
       31	         1113 	
       32	         1066 	
       33	         1028 	
       34	         1066 	
       35	         1139 	
       36	         1188 	
       37	         1060 	
       38	         1048 	
       39	          934 	
       40	          956 	
       41	          961 	
       42	          986 	
       43	         1005 	
       44	          938 	
       45	          984 	
       46	          972 	
       47	          917 	
       48	         1022 	
       49	          998 	
       50	          978 	
       51	          990 	
       52	          935 	
       53	          978 	
       54	          965 	
       55	         1022 	
       56	          967 	
       57	          987 	
       58	         1029 	
       59	         1118 	
       60	         1053 	
       61	         1100 	
       62	         1118 	
       63	         1065 	
       64	         1074 	
       65	         1139 	
       66	         1171 	
       67	         1091 	
       68	         1136 	
       69	         1061 	
       70	         1047 	
       71	         1075 	
       72	         1104 	
       73	         1067 	
       74	         1042 	
       75	         1036 	
       76	         1057 	
       77	         1017 	
       78	         1066 	
       79	          986 	
       80	         1046 	
       81	          972 	
       82	         1007 	
       83	          998 	
       84	         1083 	
       85	          973 	
       86	         1101 	
       87	         1015 	
       88	         1046 	
       89	          988 	
       90	          999 	
       91	         1071 	
       92	         1020 	
       93	         1019 	
       94	         1038 	
       95	         1051 	
       96	          989 	
       97	          960 	
       98	         1024 	
       99	         1011 	
      100	         1031 	
      101	         1035 	
      102	          999 	
      103	         1034 	
      104	         1127 	
      105	         1006 	
      106	          990 	
      107	          975 	
      108	         1049 	
      109	         1034 	
      110	         1060 	
      111	         1012 	
      112	         1042 	
      113	         1054 	
      114	         1042 	
      115	         1138 	
      116	         1084 	
      117	         1078 	
      118	         1011 	
      119	         1050 	
      120	         1013 	
      121	          958 	
      122	          971 	
      123	          932 	
      124	          965 	
      125	          935 	
      126	         1070 	
      127	          955 	
      128	         1060 	
      129	         1087 	
      130	          994 	
      131	          969 	
      132	          986 	
      133	         1064 	
      134	         1020 	
      135	          976 	
      136	         1025 	
      137	         1024 	
      138	         1043 	
      139	         1053 	
      140	         1021 	
      141	         1013 	
      142	          921 	
      143	         1023 	
      144	          964 	
      145	          996 	
      146	          942 	
      147	          986 	
      148	          944 	
      149	          965 	
      150	          974 	
      151	          937 	
      152	          968 	
      153	         1018 	
      154	         1003 	
      155	         1011 	
      156	         1040 	
      157	         1057 	
      158	         1037 	
      159	         1112 	
      160	         1062 	
      161	         1059 	
      162	         1092 	
      163	         1060 	
      164	         1030 	
      165	         1055 	
      166	         1048 	
      167	         1040 	
      168	         1079 	
      169	         1039 	
      170	         1080 	
      171	         1027 	
      172	         1082 	
      173	         1050 	
      174	         1041 	
      175	         1041 	
      176	         1056 	
      177	         1056 	
      178	         1019 	
      179	         1002 	
      180	          970 	
      181	         1036 	
      182	         1050 	
      183	          972 	
      184	         1047 	
      185	         1033 	
      186	         1034 	
      187	         1043 	
      188	         1001 	
      189	         1027 	
      190	         1088 	
      191	         1049 	
      192	         1060 	
      193	         1040 	
      194	         1003 	
      195	         1083 	
      196	         1001 	
      197	         1074 	
      198	         1010 	
      199	          975 	
      200	         1032 	
      201	         1031 	
      202	         1043 	
      203	          978 	
      204	         1010 	
      205	          938 	
      206	         1019 	
      207	          981 	
      208	         1085 	
      209	         1004 	
      210	         1098 	
      211	         1025 	
      212	          989 	
      213	          989 	
      214	         1019 	
      215	         1010 	
      216	          941 	
      217	         1009 	
      218	          985 	
      219	         1001 	
      220	         1037 	
      221	         1045 	
      222	         1026 	
      223	         1017 	
      224	          983 	
      225	         1064 	
      226	         1039 	
      227	         1117 	
      228	          994 	
      229	         1029 	
      230	         1066 	
      231	         1038 	
      232	         1037 	
      233	         1067 	
      234	         1077 	
      235	         1029 	
      236	         1109 	
      237	         1024 	
      238	         1055 	
      239	         1080 	
      240	         1042 	
      241	         1004 	
      242	          998 	
      243	         1026 	
      244	         1008 	
      245	         1065 	
      246	         1043 	
      247	         1032 	
      248	          995 	
      249	         1040 	
      250	         1066 	
      251	         1058 	
      252	         1074 	
      253	         1052 	
      254	         1076 	
      255	          976 	
      256	         1033 	
      257	         1084 	
      258	          987 	
      259	         1046 	
      260	          920 	
      261	          961 	
      262	         1014 	
      263	         1004 	
      264	         1042 	
      265	          958 	
      266	         1039 	
      267	         1058 	
      268	         1062 	
      269	          998 	
      270	         1124 	
      271	         1134 	
      272	         1062 	
      273	         1070 	
      274	         1217 	
      275	         1164 	
      276	         1105 	
      277	         1119 	
      278	         1124 	
      279	         1090 	
      280	         1092 	
      281	         1090 	
      282	         1096 	
      283	         1157 	
      284	         1105 	
      285	         1095 	
      286	         1127 	
      287	         1158 	
      288	         1074 	
      289	         1129 	
      290	         1069 	
      291	         1142 	
      292	         1058 	
      293	         1036 	
      294	         1060 	
      295	         1041 	
      296	         1100 	
      297	         1114 	
      298	         1097 	
      299	         1009 	
      300	          980 	
      301	          998 	
      302	         1065 	
      303	         1030 	
      304	         1047 	
      305	          991 	
      306	         1038 	
      307	         1022 	
      308	         1006 	
      309	         1015 	
      310	         1003 	
      311	         1035 	
      312	         1041 	
      313	          988 	
      314	         1069 	
      315	         1010 	
      316	          894 	
      317	         1063 	
      318	         1001 	
      319	          988 	
      320	         1056 	
      321	         1024 	
      322	         1066 	
      323	          961 	
      324	          981 	
      325	          951 	
      326	          957 	
      327	          925 	
      328	          967 	
      329	          950 	
      330	          941 	
      331	         1057 	
      332	         1065 	
      333	         1064 	
      334	         1057 	
      335	         1175 	
      336	         1042 	
      337	         1136 	
      338	         1134 	
      339	         1071 	
      340	         1057 	
      341	         1098 	
      342	         1064 	
      343	         1047 	
      344	          955 	
      345	          970 	
      346	         1017 	
      347	         1030 	
      348	         1027 	
      349	          968 	
      350	          995 	
      351	          975 	
      352	         1018 	
      353	         1006 	
      354	          992 	
      355	          977 	
      356	         1055 	
      357	          994 	
      358	         1016 	
      359	         1022 	
      360	          974 	
      361	          969 	
      362	         1038 	
      363	         1023 	
      364	         1043 	
      365	         1017 	
      366	         1085 	
      367	         1003 	
      368	          964 	
      369	         1023 	
      370	         1058 	
      371	         1051 	
      372	         1055 	
      373	         1106 	
      374	         1060 	
      375	         1041 	
      376	         1047 	
      377	         1034 	
      378	         1084 	
      379	         1101 	
      380	         1043 	
      381	         1088 	
      382	         1037 	
      383	         1077 	
      384	         1050 	
      385	         1046 	
      386	         1110 	
      387	          960 	
      388	          997 	
      389	         1045 	
      390	         1060 	
      391	         1036 	
      392	         1018 	
      393	         1018 	
      394	         1091 	
      395	         1084 	
      396	         1021 	
      397	         1065 	
      398	         1082 	
      399	         1065 	
      400	          999 	
      401	         1006 	
      402	         1010 	
      403	         1009 	
      404	         1030 	
      405	          985 	
      406	         1025 	
      407	          988 	
      408	         1081 	
      409	          950 	
      410	         1031 	
      411	         1051 	
      412	         1024 	
      413	         1005 	
      414	         1110 	
      415	         1026 	
      416	         1005 	
      417	          982 	
      418	         1002 	
      419	         1051 	
      420	         1055 	
      421	         1032 	
      422	         1005 	
      423	          963 	
      424	         1018 	
      425	         1011 	
      426	         1059 	
      427	         1021 	
      428	         1022 	
      429	         1003 	
      430	         1019 	
      431	         1040 	
      432	         1010 	
      433	         1093 	
      434	         1082 	
      435	         1062 	
      436	         1002 	
      437	         1029 	
      438	          961 	
      439	         1014 	
      440	         1063 	
      441	         1056 	
      442	         1075 	
      443	         1101 	
      444	         1086 	
      445	         1017 	
      446	         1090 	
      447	          986 	
      448	         1017 	
      449	         1040 	
      450	         1030 	
      451	         1091 	
      452	         1063 	
      453	         1025 	
      454	          989 	
      455	          986 	
      456	         1052 	
      457	          973 	
      458	         1014 	
      459	         1066 	
      460	         1062 	
      461	         1131 	
      462	          947 	
      463	         1065 	
      464	          942 	
      465	          975 	
      466	         1030 	
      467	         1060 	
      468	         1021 	
      469	         1055 	
      470	          986 	
      471	          964 	
      472	          980 	
      473	          962 	
      474	         1041 	
      475	         1009 	
      476	          956 	
      477	         1076 	
      478	         1001 	
      479	         1023 	
      480	         1026 	
      481	         1030 	
      482	         1004 	
      483	         1018 	
      484	         1002 	
      485	         1068 	
      486	         1025 	
      487	         1015 	
      488	         1057 	
      489	         1021 	
      490	         1071 	
      491	          982 	
      492	         1033 	
      493	         1022 	
      494	          970 	
      495	         1007 	
      496	          952 	
      497	          966 	
      498	          965 	
      499	          961 	
      500	         1029 	
      501	         1031 	
      502	         1002 	
      503	         1023 	
      504	         1026 	
      505	          956 	
      506	         1002 	
      507	          972 	
