Thorlabs Single Photon Counter Data Export

Date (YYYY-MM-DD):	2018-07-11
Time (HH:MM:SS):	14:20:53
Device Name:	SPCM50A
Serial Number:	M00451789
GUI Revision:	1.0 Build 2
Driver Revision:	1.0.1
Firmware Revision:	1.0.0

Application settings:
Operating Mode:	Free Running Timed Counter
Bin Length [ms]:	100
Time between Bins [ms]:	0.001
Pulse Blind Time [ns]:	0
Trigger Edge:	non-applicable
Array Measurement:	No
Array Measurement Continuously:	non-applicable
Bins per Array:	non-applicable
Active APD Gating:	No
Fan Off:	No

Bin Number 	Counts per Bin 	Remarks
        1	          668 	
        2	          703 	
        3	          690 	
        4	          689 	
        5	          661 	
        6	          732 	
        7	          717 	
        8	          638 	
        9	          637 	
       10	          746 	
       11	          721 	
       12	          667 	
       13	          673 	
       14	          700 	
       15	          692 	
       16	          686 	
       17	          717 	
       18	          728 	
       19	          655 	
       20	          720 	
       21	          717 	
       22	          698 	
       23	          673 	
       24	          731 	
       25	          670 	
       26	          701 	
       27	          741 	
       28	          706 	
       29	          698 	
       30	          671 	
       31	          693 	
       32	          728 	
       33	          679 	
       34	          704 	
       35	          664 	
       36	          716 	
       37	          673 	
       38	          714 	
       39	          659 	
       40	          733 	
       41	          689 	
       42	          695 	
       43	          715 	
       44	          640 	
       45	          687 	
       46	          659 	
       47	          692 	
       48	          721 	
       49	          736 	
       50	          697 	
       51	          729 	
       52	          744 	
       53	          712 	
       54	          706 	
       55	          732 	
       56	          710 	
       57	          754 	
       58	          681 	
       59	          733 	
       60	          723 	
       61	          695 	
       62	          675 	
       63	          727 	
       64	          706 	
       65	          744 	
       66	          727 	
       67	          659 	
       68	          675 	
       69	          710 	
       70	          694 	
       71	          681 	
       72	          695 	
       73	          688 	
       74	          684 	
       75	          687 	
       76	          691 	
       77	          712 	
       78	          759 	
       79	          675 	
       80	          646 	
       81	          725 	
       82	          745 	
       83	          693 	
       84	          690 	
       85	          692 	
       86	          727 	
       87	          765 	
       88	          727 	
       89	          737 	
       90	          747 	
       91	          728 	
       92	          704 	
       93	          704 	
       94	          680 	
       95	          723 	
       96	          708 	
       97	          691 	
       98	          680 	
       99	          677 	
      100	          663 	
      101	          716 	
      102	          638 	
      103	          670 	
      104	          744 	
      105	          698 	
      106	          724 	
      107	          700 	
      108	          720 	
      109	          675 	
      110	          683 	
      111	          722 	
      112	          690 	
      113	          714 	
      114	          703 	
      115	          689 	
      116	          758 	
      117	          750 	
      118	          635 	
      119	          699 	
      120	          704 	
      121	          724 	
      122	          721 	
      123	          724 	
      124	          714 	
      125	          747 	
      126	          699 	
      127	          726 	
      128	          679 	
      129	          721 	
      130	          708 	
      131	          658 	
      132	          665 	
      133	          697 	
      134	          724 	
      135	          750 	
      136	          753 	
      137	          705 	
      138	          751 	
      139	          668 	
      140	          749 	
      141	          693 	
      142	          671 	
      143	          706 	
      144	          708 	
      145	          747 	
      146	          729 	
      147	          687 	
      148	          718 	
      149	          763 	
      150	          747 	
      151	          698 	
      152	          710 	
      153	          731 	
      154	          694 	
      155	          723 	
      156	          704 	
      157	          673 	
      158	          753 	
      159	          673 	
      160	          746 	
      161	          654 	
      162	          738 	
      163	          673 	
      164	          772 	
      165	          705 	
      166	          709 	
      167	          695 	
      168	          701 	
      169	          709 	
      170	          712 	
      171	          703 	
      172	          710 	
      173	          653 	
      174	          751 	
      175	          715 	
      176	          642 	
      177	          724 	
      178	          686 	
      179	          678 	
      180	          723 	
      181	          719 	
      182	          714 	
      183	          699 	
      184	          694 	
      185	          710 	
      186	          643 	
      187	          672 	
      188	          747 	
      189	          702 	
      190	          747 	
      191	          685 	
      192	          673 	
      193	          748 	
      194	          728 	
      195	          752 	
      196	          699 	
      197	          722 	
      198	          681 	
      199	          688 	
      200	          700 	
      201	          712 	
      202	          713 	
      203	          744 	
      204	          694 	
      205	          709 	
      206	          716 	
      207	          770 	
      208	          753 	
      209	          703 	
      210	          762 	
      211	          739 	
      212	          686 	
      213	          703 	
      214	          771 	
      215	          715 	
      216	          744 	
      217	          743 	
      218	          713 	
      219	          726 	
      220	          721 	
      221	          705 	
      222	          695 	
      223	          762 	
      224	          755 	
      225	          703 	
      226	          718 	
      227	          730 	
      228	          729 	
      229	          754 	
      230	          708 	
      231	          741 	
      232	          744 	
      233	          720 	
      234	          691 	
      235	          751 	
      236	          673 	
      237	          707 	
      238	          750 	
      239	          733 	
      240	          689 	
      241	          711 	
      242	          682 	
      243	          737 	
      244	          747 	
      245	          757 	
      246	          726 	
      247	          684 	
      248	          663 	
      249	          692 	
      250	          684 	
      251	          725 	
      252	          654 	
      253	          690 	
      254	          693 	
      255	          697 	
      256	          705 	
      257	          722 	
      258	          704 	
      259	          713 	
      260	          705 	
      261	          700 	
      262	          773 	
      263	          686 	
      264	          745 	
      265	          719 	
      266	          784 	
      267	          737 	
      268	          735 	
      269	          700 	
      270	          759 	
      271	          692 	
      272	          742 	
      273	          715 	
      274	          674 	
      275	          696 	
      276	          638 	
      277	          700 	
      278	          720 	
      279	          691 	
      280	          701 	
      281	          718 	
      282	          733 	
      283	          699 	
      284	          723 	
      285	          717 	
      286	          712 	
      287	          780 	
      288	          688 	
      289	          740 	
      290	          739 	
      291	          766 	
      292	          763 	
      293	          687 	
      294	          732 	
      295	          681 	
      296	          677 	
      297	          713 	
      298	          725 	
      299	          711 	
      300	          697 	
      301	          691 	
      302	          742 	
      303	          665 	
      304	          696 	
      305	          679 	
      306	          678 	
      307	          694 	
      308	          663 	
      309	          697 	
      310	          779 	
      311	          700 	
      312	          705 	
      313	          736 	
      314	          696 	
      315	          723 	
      316	          679 	
      317	          748 	
      318	          780 	
      319	          704 	
      320	          690 	
      321	          706 	
      322	          712 	
      323	          743 	
      324	          732 	
      325	          715 	
      326	          642 	
      327	          715 	
      328	          731 	
      329	          730 	
      330	          700 	
      331	          719 	
      332	          723 	
      333	          718 	
      334	          724 	
      335	          697 	
      336	          689 	
      337	          731 	
      338	          733 	
      339	          714 	
      340	          697 	
      341	          700 	
      342	          682 	
      343	          702 	
      344	          701 	
      345	          700 	
      346	          690 	
      347	          659 	
      348	          684 	
      349	          706 	
      350	          680 	
      351	          696 	
      352	          715 	
      353	          781 	
      354	          689 	
      355	          701 	
      356	          663 	
      357	          691 	
      358	          741 	
      359	          732 	
      360	          712 	
      361	          694 	
      362	          716 	
      363	          708 	
      364	          744 	
      365	          688 	
      366	          711 	
      367	          707 	
      368	          666 	
      369	          678 	
      370	          691 	
      371	          679 	
      372	          753 	
      373	          699 	
      374	          699 	
      375	          731 	
      376	          745 	
      377	          728 	
      378	          705 	
      379	          696 	
      380	          682 	
      381	          705 	
      382	          701 	
      383	          711 	
      384	          671 	
      385	          688 	
      386	          751 	
      387	          681 	
      388	          676 	
      389	          709 	
      390	          752 	
      391	          734 	
      392	          687 	
      393	          689 	
      394	          684 	
      395	          720 	
      396	          701 	
      397	          652 	
      398	          676 	
      399	          724 	
      400	          726 	
      401	          722 	
      402	          705 	
      403	          757 	
      404	          714 	
      405	          729 	
      406	          738 	
      407	          721 	
      408	          745 	
      409	          714 	
      410	          685 	
      411	          713 	
      412	          734 	
      413	          722 	
      414	          750 	
      415	          773 	
      416	          729 	
      417	          761 	
      418	          768 	
      419	          717 	
      420	          681 	
      421	          757 	
      422	          718 	
      423	          695 	
      424	          691 	
      425	          684 	
      426	          729 	
      427	          709 	
      428	          710 	
      429	          713 	
      430	          748 	
      431	          665 	
      432	          698 	
      433	          735 	
      434	          701 	
      435	          716 	
      436	          672 	
      437	          726 	
      438	          703 	
      439	          767 	
      440	          696 	
      441	          698 	
      442	          700 	
      443	          666 	
      444	          734 	
      445	          678 	
      446	          732 	
      447	          686 	
      448	          716 	
      449	          724 	
      450	          734 	
      451	          694 	
      452	          663 	
      453	          722 	
      454	          700 	
      455	          694 	
      456	          732 	
      457	          723 	
      458	          708 	
      459	          673 	
      460	          734 	
      461	          724 	
      462	          725 	
      463	          724 	
      464	          741 	
      465	          727 	
      466	          750 	
      467	          732 	
      468	          738 	
      469	          696 	
      470	          701 	
      471	          677 	
      472	          684 	
      473	          715 	
      474	          713 	
      475	          706 	
      476	          779 	
      477	          707 	
      478	          719 	
      479	          708 	
      480	          753 	
      481	          677 	
      482	          690 	
      483	          726 	
      484	          674 	
      485	          718 	
      486	          718 	
      487	          711 	
      488	          694 	
      489	          713 	
      490	          741 	
      491	          704 	
      492	          736 	
      493	          704 	
      494	          698 	
      495	          703 	
      496	          720 	
      497	          705 	
      498	          663 	
      499	          710 	
      500	          759 	
      501	          738 	
      502	          709 	
      503	          750 	
      504	          695 	
      505	          731 	
      506	          670 	
