Thorlabs Single Photon Counter Data Export

Date (YYYY-MM-DD):	2018-07-16
Time (HH:MM:SS):	16:40:48
Device Name:	SPCM50A
Serial Number:	M00451789
GUI Revision:	1.0 Build 2
Driver Revision:	1.0.1
Firmware Revision:	1.0.0

Application settings:
Operating Mode:	Free Running Timed Counter
Bin Length [ms]:	100
Time between Bins [ms]:	0.001
Pulse Blind Time [ns]:	0
Trigger Edge:	non-applicable
Array Measurement:	No
Array Measurement Continuously:	non-applicable
Bins per Array:	non-applicable
Active APD Gating:	No
Fan Off:	No

Bin Number 	Counts per Bin 	Remarks
        1	           38 	
        2	           50 	
        3	           38 	
        4	           50 	
        5	           70 	
        6	           50 	
        7	           55 	
        8	           53 	
        9	           49 	
       10	           35 	
       11	           49 	
       12	           42 	
       13	           41 	
       14	           48 	
       15	           57 	
       16	           44 	
       17	           56 	
       18	           63 	
       19	           45 	
       20	           46 	
       21	           38 	
       22	           48 	
       23	           47 	
       24	           54 	
       25	           38 	
       26	           51 	
       27	           50 	
       28	           53 	
       29	           59 	
       30	           49 	
       31	           49 	
       32	           43 	
       33	           58 	
       34	           44 	
       35	           39 	
       36	           56 	
       37	           61 	
       38	           49 	
       39	           59 	
       40	           45 	
       41	           48 	
       42	           56 	
       43	           47 	
       44	           51 	
       45	           45 	
       46	           51 	
       47	           36 	
       48	           52 	
       49	           51 	
       50	           50 	
       51	           38 	
       52	           53 	
       53	           51 	
       54	           64 	
       55	           56 	
       56	           51 	
       57	           49 	
       58	           39 	
       59	           51 	
       60	           50 	
       61	           38 	
       62	           40 	
       63	           63 	
       64	           20 	
       65	           46 	
       66	           46 	
       67	           38 	
       68	           54 	
       69	           59 	
       70	           42 	
       71	           46 	
       72	           46 	
       73	           39 	
       74	           47 	
       75	           41 	
       76	           42 	
       77	           34 	
       78	           63 	
       79	           51 	
       80	           39 	
       81	           47 	
       82	           40 	
       83	           48 	
       84	           48 	
       85	           38 	
       86	           57 	
       87	           57 	
       88	           55 	
       89	           48 	
       90	           46 	
       91	           52 	
       92	           43 	
       93	           49 	
       94	           58 	
       95	           49 	
       96	           51 	
       97	           51 	
       98	           63 	
       99	           52 	
      100	           45 	
      101	           56 	
      102	           37 	
      103	           36 	
      104	           49 	
      105	           42 	
      106	           57 	
      107	           43 	
      108	           39 	
      109	           60 	
      110	           37 	
      111	           59 	
      112	           58 	
      113	           47 	
      114	           36 	
      115	           53 	
      116	           42 	
      117	           47 	
      118	           52 	
      119	           53 	
      120	           42 	
      121	           41 	
      122	           45 	
      123	           50 	
      124	           41 	
      125	           53 	
      126	           49 	
      127	           36 	
      128	           43 	
      129	           45 	
      130	           45 	
      131	           42 	
      132	           49 	
      133	           42 	
      134	           41 	
      135	           49 	
      136	           41 	
      137	           50 	
      138	           45 	
      139	           46 	
      140	           54 	
      141	           65 	
      142	           41 	
      143	           51 	
      144	           44 	
      145	           41 	
      146	           53 	
      147	           51 	
      148	           54 	
      149	           48 	
      150	           50 	
      151	           55 	
      152	           41 	
      153	           55 	
      154	           40 	
      155	           50 	
      156	           39 	
      157	           40 	
      158	           34 	
      159	           48 	
      160	           46 	
      161	           41 	
      162	           60 	
      163	           50 	
      164	           59 	
      165	           42 	
      166	           39 	
      167	           53 	
      168	           53 	
      169	           52 	
      170	           47 	
      171	           51 	
      172	           46 	
      173	           59 	
      174	           34 	
      175	           46 	
      176	           64 	
      177	           45 	
      178	           49 	
      179	           51 	
      180	           44 	
      181	           44 	
      182	           44 	
      183	           44 	
      184	           40 	
      185	           41 	
      186	           55 	
      187	           39 	
      188	           51 	
      189	           41 	
      190	           48 	
      191	           49 	
      192	           50 	
      193	           39 	
      194	           57 	
      195	           51 	
      196	           44 	
      197	           40 	
      198	           61 	
      199	           42 	
      200	           51 	
      201	           46 	
      202	           47 	
      203	           55 	
      204	           44 	
      205	           44 	
      206	           38 	
      207	           55 	
      208	           48 	
      209	           43 	
      210	           41 	
      211	           45 	
      212	           38 	
      213	           56 	
      214	           49 	
      215	           42 	
      216	           47 	
      217	           34 	
      218	           58 	
      219	           44 	
      220	           62 	
      221	           58 	
      222	           51 	
      223	           49 	
      224	           43 	
      225	           53 	
      226	           47 	
      227	           46 	
      228	           49 	
      229	           44 	
      230	           46 	
      231	           47 	
      232	           51 	
      233	           47 	
      234	           41 	
      235	           51 	
      236	           51 	
      237	           44 	
      238	           47 	
      239	           45 	
      240	           50 	
      241	           45 	
      242	           50 	
      243	           43 	
      244	           45 	
      245	           47 	
      246	           48 	
      247	           37 	
      248	           41 	
      249	           42 	
      250	           53 	
      251	           55 	
      252	           47 	
      253	           46 	
      254	           48 	
      255	           41 	
      256	           37 	
      257	           43 	
      258	           61 	
      259	           48 	
      260	           60 	
      261	           45 	
      262	           32 	
      263	           45 	
      264	           56 	
      265	           44 	
      266	           49 	
      267	           53 	
      268	           38 	
      269	           50 	
      270	           37 	
      271	           48 	
      272	           38 	
      273	           38 	
      274	           34 	
      275	           53 	
      276	           42 	
      277	           46 	
      278	           41 	
      279	           48 	
      280	           53 	
      281	           68 	
      282	           34 	
      283	           46 	
      284	           46 	
      285	           49 	
      286	           49 	
      287	           48 	
      288	           46 	
      289	           53 	
      290	           52 	
      291	           56 	
      292	           42 	
      293	           43 	
      294	           43 	
      295	           43 	
      296	           53 	
      297	           47 	
      298	           40 	
      299	           57 	
      300	           63 	
      301	           46 	
      302	           43 	
      303	           33 	
      304	           49 	
      305	           43 	
      306	           50 	
      307	           45 	
      308	           44 	
      309	           57 	
      310	           33 	
      311	           58 	
      312	           52 	
      313	           49 	
      314	           37 	
      315	           46 	
      316	           42 	
      317	           46 	
      318	           32 	
      319	           49 	
      320	           50 	
      321	           59 	
      322	           49 	
      323	           47 	
      324	           47 	
      325	           49 	
      326	           49 	
      327	           47 	
      328	           39 	
      329	           54 	
      330	           49 	
      331	           52 	
      332	           41 	
      333	           44 	
      334	           62 	
      335	           40 	
      336	           61 	
      337	           44 	
      338	           45 	
      339	           41 	
      340	           30 	
      341	           45 	
      342	           50 	
      343	           42 	
      344	           43 	
      345	           36 	
      346	           52 	
      347	           47 	
      348	           43 	
      349	           47 	
      350	           43 	
      351	           59 	
      352	           46 	
      353	           47 	
      354	           48 	
      355	           48 	
      356	           37 	
      357	           39 	
      358	           38 	
      359	           57 	
      360	           39 	
      361	           46 	
      362	           44 	
      363	           52 	
      364	           49 	
      365	           59 	
      366	           64 	
      367	           71 	
      368	           51 	
      369	           36 	
      370	           45 	
      371	           49 	
      372	           39 	
      373	           29 	
      374	           55 	
      375	           47 	
      376	           45 	
      377	           37 	
      378	           46 	
      379	           42 	
      380	           38 	
      381	           45 	
      382	           49 	
      383	           51 	
      384	           39 	
      385	           39 	
      386	           41 	
      387	           57 	
      388	           58 	
      389	           49 	
      390	           45 	
      391	           42 	
      392	           41 	
      393	           37 	
      394	           48 	
      395	           44 	
      396	           47 	
      397	           34 	
      398	           42 	
      399	           56 	
      400	           50 	
      401	           44 	
      402	           53 	
      403	           39 	
      404	           52 	
      405	           45 	
      406	           48 	
      407	           49 	
      408	           43 	
      409	           40 	
      410	           44 	
      411	           51 	
      412	           48 	
      413	           63 	
      414	           45 	
      415	           58 	
      416	           51 	
      417	           47 	
      418	           38 	
      419	           52 	
      420	           49 	
      421	           49 	
      422	           49 	
      423	           40 	
      424	           46 	
      425	           40 	
      426	           42 	
      427	           41 	
      428	           42 	
      429	           46 	
      430	           46 	
      431	           43 	
      432	           25 	
      433	           45 	
      434	           43 	
      435	           59 	
      436	           44 	
      437	           45 	
      438	           46 	
      439	           44 	
      440	           56 	
      441	           55 	
      442	           56 	
      443	           40 	
      444	           44 	
      445	           46 	
      446	           55 	
      447	           50 	
      448	           43 	
      449	           46 	
      450	           48 	
      451	           44 	
      452	           48 	
      453	           45 	
      454	           39 	
      455	           39 	
      456	           33 	
      457	           34 	
      458	           45 	
      459	           45 	
      460	           42 	
      461	           43 	
      462	           47 	
      463	           50 	
      464	           49 	
      465	           41 	
      466	           46 	
      467	           41 	
      468	           43 	
      469	           41 	
      470	           49 	
      471	           54 	
      472	           51 	
      473	           42 	
      474	           55 	
      475	           46 	
      476	           37 	
      477	           51 	
      478	           44 	
      479	           30 	
      480	           37 	
      481	           46 	
      482	           60 	
      483	           28 	
      484	           49 	
      485	           39 	
      486	           41 	
      487	           49 	
      488	           41 	
      489	           35 	
      490	           46 	
      491	           42 	
      492	           48 	
      493	           50 	
      494	           41 	
      495	           54 	
      496	           36 	
      497	           44 	
      498	           43 	
      499	           46 	
      500	           46 	
      501	           51 	
      502	           40 	
      503	           55 	
      504	           44 	
