Thorlabs Single Photon Counter Data Export

Date (YYYY-MM-DD):	2018-06-26
Time (HH:MM:SS):	14:30:05
Device Name:	SPCM50A
Serial Number:	M00451789
GUI Revision:	1.0 Build 2
Driver Revision:	1.0.1
Firmware Revision:	1.0.0

Application settings:
Operating Mode:	Free Running Timed Counter
Bin Length [ms]:	100
Time between Bins [ms]:	0.001
Pulse Blind Time [ns]:	0
Trigger Edge:	non-applicable
Array Measurement:	No
Array Measurement Continuously:	non-applicable
Bins per Array:	non-applicable
Active APD Gating:	No
Fan Off:	No

Bin Number 	Counts per Bin 	Remarks
        1	           86 	
        2	          128 	
        3	           99 	
        4	          104 	
        5	           75 	
        6	          102 	
        7	          100 	
        8	          101 	
        9	          102 	
       10	          121 	
       11	          103 	
       12	           80 	
       13	           82 	
       14	          102 	
       15	           94 	
       16	           80 	
       17	           92 	
       18	           90 	
       19	          100 	
       20	           69 	
       21	           95 	
       22	           94 	
       23	           86 	
       24	           82 	
       25	           95 	
       26	           70 	
       27	          104 	
       28	          104 	
       29	          110 	
       30	           90 	
       31	           98 	
       32	           98 	
       33	           82 	
       34	          108 	
       35	          114 	
       36	          100 	
       37	           82 	
       38	           83 	
       39	           91 	
       40	           67 	
       41	           92 	
       42	           94 	
       43	          101 	
       44	           95 	
       45	          118 	
       46	           92 	
       47	          110 	
       48	           90 	
       49	           97 	
       50	          117 	
       51	           91 	
       52	           81 	
       53	           78 	
       54	           70 	
       55	           94 	
       56	          103 	
       57	           97 	
       58	          107 	
       59	          101 	
       60	           93 	
       61	           88 	
       62	           87 	
       63	           82 	
       64	           95 	
       65	           91 	
       66	           98 	
       67	           90 	
       68	           93 	
       69	           75 	
       70	          100 	
       71	           97 	
       72	          104 	
       73	           82 	
       74	           85 	
       75	           94 	
       76	           83 	
       77	          101 	
       78	           76 	
       79	           84 	
       80	           93 	
       81	           86 	
       82	           90 	
       83	          107 	
       84	           91 	
       85	           97 	
       86	           89 	
       87	           89 	
       88	          103 	
       89	          100 	
       90	           85 	
       91	           90 	
       92	          114 	
       93	           95 	
       94	          104 	
       95	           93 	
       96	           98 	
       97	           80 	
       98	           92 	
       99	          105 	
      100	           96 	
      101	           93 	
      102	           81 	
      103	           93 	
      104	           77 	
      105	           92 	
      106	           87 	
      107	           91 	
      108	          104 	
      109	           90 	
      110	           75 	
      111	           89 	
      112	           92 	
      113	           84 	
      114	           97 	
      115	          101 	
      116	           86 	
      117	           96 	
      118	           85 	
      119	           93 	
      120	           87 	
      121	           98 	
      122	           88 	
      123	          103 	
      124	           88 	
      125	           95 	
      126	          115 	
      127	           91 	
      128	           93 	
      129	          105 	
      130	          100 	
      131	           70 	
      132	           86 	
      133	           81 	
      134	          104 	
      135	           84 	
      136	           90 	
      137	           80 	
      138	           80 	
      139	           83 	
      140	           91 	
      141	          100 	
      142	           89 	
      143	           94 	
      144	           94 	
      145	           95 	
      146	          100 	
      147	           80 	
      148	           91 	
      149	           73 	
      150	          102 	
      151	           80 	
      152	          100 	
      153	           95 	
      154	           96 	
      155	           98 	
      156	           83 	
      157	           85 	
      158	          104 	
      159	          100 	
      160	           82 	
      161	           99 	
      162	           97 	
      163	          116 	
      164	           93 	
      165	          126 	
      166	           97 	
      167	           92 	
      168	           92 	
      169	          100 	
      170	           82 	
      171	           75 	
      172	          110 	
      173	          101 	
      174	          100 	
      175	          100 	
      176	          117 	
      177	           79 	
      178	           71 	
      179	           87 	
      180	           91 	
      181	           97 	
      182	           98 	
      183	          104 	
      184	           93 	
      185	           92 	
      186	           89 	
      187	          107 	
      188	          102 	
      189	           98 	
      190	          108 	
      191	           95 	
      192	           93 	
      193	           93 	
      194	           95 	
      195	           67 	
      196	           87 	
      197	           93 	
      198	           85 	
      199	           81 	
      200	           99 	
      201	          100 	
      202	          120 	
      203	           76 	
      204	          101 	
      205	           92 	
      206	           86 	
      207	           98 	
      208	           92 	
      209	           90 	
      210	           85 	
      211	           95 	
      212	          108 	
      213	          101 	
      214	           95 	
      215	          104 	
      216	          111 	
      217	           98 	
      218	           84 	
      219	          115 	
      220	          104 	
      221	           82 	
      222	           77 	
      223	           87 	
      224	          105 	
      225	          108 	
      226	          101 	
      227	          100 	
      228	          105 	
      229	          101 	
      230	           92 	
      231	           89 	
      232	          104 	
      233	           94 	
      234	           77 	
      235	           87 	
      236	           83 	
      237	           79 	
      238	           85 	
      239	           97 	
      240	           95 	
      241	           76 	
      242	           84 	
      243	          101 	
      244	           91 	
      245	           87 	
      246	           99 	
      247	           90 	
      248	           92 	
      249	          100 	
      250	          102 	
      251	           92 	
      252	           87 	
      253	           91 	
      254	          100 	
      255	           95 	
      256	          104 	
      257	           93 	
      258	           87 	
      259	           87 	
      260	           96 	
      261	          105 	
      262	           81 	
      263	           70 	
      264	           94 	
      265	          113 	
      266	           95 	
      267	           99 	
      268	          108 	
      269	           79 	
      270	          100 	
      271	           83 	
      272	           84 	
      273	           85 	
      274	           95 	
      275	          113 	
      276	           97 	
      277	           96 	
      278	           88 	
      279	           96 	
      280	           87 	
      281	           93 	
      282	           94 	
      283	           93 	
      284	           82 	
      285	           89 	
      286	           90 	
      287	           92 	
      288	           94 	
      289	           96 	
      290	          100 	
      291	           86 	
      292	           92 	
      293	           85 	
      294	          100 	
      295	           94 	
      296	          114 	
      297	          101 	
      298	          107 	
      299	           85 	
      300	           95 	
      301	           99 	
      302	          103 	
      303	           90 	
      304	           81 	
      305	          115 	
      306	           99 	
      307	           95 	
      308	           97 	
      309	           89 	
      310	           94 	
      311	           98 	
      312	           78 	
      313	          106 	
      314	           68 	
      315	           93 	
      316	           80 	
      317	           90 	
      318	           84 	
      319	           90 	
      320	           89 	
      321	          100 	
      322	           84 	
      323	          106 	
      324	           87 	
      325	          110 	
      326	          104 	
      327	           87 	
      328	           77 	
      329	           94 	
      330	           93 	
      331	          106 	
      332	           91 	
      333	           71 	
      334	           89 	
      335	           91 	
      336	           86 	
      337	           98 	
      338	          116 	
      339	           94 	
      340	           79 	
      341	           91 	
      342	           87 	
      343	           93 	
      344	           90 	
      345	          105 	
      346	          107 	
      347	           84 	
      348	           97 	
      349	           83 	
      350	           86 	
      351	           91 	
      352	           86 	
      353	          103 	
      354	           81 	
      355	           91 	
      356	          108 	
      357	           95 	
      358	           90 	
      359	           92 	
      360	           98 	
      361	           86 	
      362	          105 	
      363	          106 	
      364	          101 	
      365	           93 	
      366	           90 	
      367	           92 	
      368	           93 	
      369	          103 	
      370	          103 	
      371	          107 	
      372	          101 	
      373	           82 	
      374	           99 	
      375	           98 	
      376	          101 	
      377	           88 	
      378	          111 	
      379	          115 	
      380	          103 	
      381	           85 	
      382	           89 	
      383	          107 	
      384	          109 	
      385	           96 	
      386	           84 	
      387	          106 	
      388	          106 	
      389	           98 	
      390	           95 	
      391	           85 	
      392	           95 	
      393	           81 	
      394	           89 	
      395	           94 	
      396	           81 	
      397	           83 	
      398	           92 	
      399	           98 	
      400	           89 	
      401	           81 	
      402	           87 	
      403	           98 	
      404	           82 	
      405	           95 	
      406	           97 	
      407	           74 	
      408	           81 	
      409	           93 	
      410	           85 	
      411	           92 	
      412	           96 	
      413	           64 	
      414	           70 	
      415	           68 	
      416	           92 	
      417	           81 	
      418	           90 	
      419	          107 	
      420	           96 	
      421	           91 	
      422	          101 	
      423	           83 	
      424	           79 	
      425	           84 	
      426	           98 	
      427	           93 	
      428	           98 	
      429	           85 	
      430	           81 	
      431	           90 	
      432	          107 	
      433	           90 	
      434	           91 	
      435	          106 	
      436	          100 	
      437	           90 	
      438	           90 	
      439	          108 	
      440	          110 	
      441	           89 	
      442	          110 	
      443	           83 	
      444	          105 	
      445	           96 	
      446	           91 	
      447	           92 	
      448	           91 	
      449	           75 	
      450	          106 	
      451	           77 	
      452	          102 	
      453	           92 	
      454	           94 	
      455	           94 	
      456	          110 	
      457	           96 	
      458	           99 	
      459	           81 	
      460	           85 	
      461	           74 	
      462	          112 	
      463	           90 	
      464	           98 	
      465	           84 	
      466	           97 	
      467	           79 	
      468	          104 	
      469	           84 	
      470	           75 	
      471	          101 	
      472	           80 	
      473	           97 	
      474	           81 	
      475	           96 	
      476	           98 	
      477	           91 	
      478	           95 	
      479	           86 	
      480	           90 	
      481	           98 	
      482	           86 	
      483	           87 	
      484	           77 	
      485	           97 	
      486	           96 	
      487	          100 	
      488	           97 	
      489	           84 	
      490	           81 	
      491	          112 	
      492	           97 	
      493	           87 	
      494	           87 	
      495	           88 	
      496	           94 	
      497	           99 	
      498	           92 	
      499	           96 	
      500	           78 	
      501	          107 	
      502	          114 	
      503	           90 	
      504	          100 	
      505	           98 	
      506	           93 	
