Thorlabs Single Photon Counter Data Export

Date (YYYY-MM-DD):	2018-07-17
Time (HH:MM:SS):	18:44:41
Device Name:	SPCM50A
Serial Number:	M00451789
GUI Revision:	1.0 Build 2
Driver Revision:	1.0.1
Firmware Revision:	1.0.0

Application settings:
Operating Mode:	Free Running Timed Counter
Bin Length [ms]:	100
Time between Bins [ms]:	0.001
Pulse Blind Time [ns]:	0
Trigger Edge:	non-applicable
Array Measurement:	No
Array Measurement Continuously:	non-applicable
Bins per Array:	non-applicable
Active APD Gating:	No
Fan Off:	No

Bin Number 	Counts per Bin 	Remarks
        1	          363 	
        2	          355 	
        3	          341 	
        4	          378 	
        5	          363 	
        6	          331 	
        7	          338 	
        8	          331 	
        9	          326 	
       10	          374 	
       11	          369 	
       12	          347 	
       13	          381 	
       14	          376 	
       15	          395 	
       16	          381 	
       17	          377 	
       18	          355 	
       19	          351 	
       20	          391 	
       21	          348 	
       22	          361 	
       23	          370 	
       24	          402 	
       25	          358 	
       26	          373 	
       27	          343 	
       28	          376 	
       29	          364 	
       30	          344 	
       31	          346 	
       32	          372 	
       33	          328 	
       34	          335 	
       35	          350 	
       36	          345 	
       37	          383 	
       38	          336 	
       39	          343 	
       40	          338 	
       41	          348 	
       42	          328 	
       43	          373 	
       44	          366 	
       45	          380 	
       46	          362 	
       47	          328 	
       48	          371 	
       49	          380 	
       50	          326 	
       51	          377 	
       52	          353 	
       53	          334 	
       54	          361 	
       55	          370 	
       56	          359 	
       57	          332 	
       58	          373 	
       59	          384 	
       60	          353 	
       61	          387 	
       62	          340 	
       63	          365 	
       64	          340 	
       65	          376 	
       66	          365 	
       67	          397 	
       68	          377 	
       69	          364 	
       70	          379 	
       71	          347 	
       72	          344 	
       73	          349 	
       74	          376 	
       75	          319 	
       76	          331 	
       77	          369 	
       78	          346 	
       79	          338 	
       80	          367 	
       81	          332 	
       82	          343 	
       83	          323 	
       84	          379 	
       85	          350 	
       86	          331 	
       87	          374 	
       88	          344 	
       89	          350 	
       90	          373 	
       91	          362 	
       92	          355 	
       93	          367 	
       94	          372 	
       95	          356 	
       96	          346 	
       97	          351 	
       98	          345 	
       99	          352 	
      100	          345 	
      101	          338 	
      102	          337 	
      103	          335 	
      104	          332 	
      105	          368 	
      106	          356 	
      107	          346 	
      108	          347 	
      109	          346 	
      110	          374 	
      111	          374 	
      112	          357 	
      113	          366 	
      114	          369 	
      115	          364 	
      116	          349 	
      117	          360 	
      118	          365 	
      119	          302 	
      120	          360 	
      121	          400 	
      122	          362 	
      123	          344 	
      124	          351 	
      125	          341 	
      126	          358 	
      127	          351 	
      128	          378 	
      129	          352 	
      130	          346 	
      131	          371 	
      132	          368 	
      133	          343 	
      134	          378 	
      135	          373 	
      136	          325 	
      137	          341 	
      138	          368 	
      139	          397 	
      140	          382 	
      141	          363 	
      142	          347 	
      143	          337 	
      144	          365 	
      145	          374 	
      146	          357 	
      147	          385 	
      148	          369 	
      149	          354 	
      150	          360 	
      151	          367 	
      152	          383 	
      153	          356 	
      154	          399 	
      155	          348 	
      156	          360 	
      157	          365 	
      158	          357 	
      159	          319 	
      160	          352 	
      161	          340 	
      162	          380 	
      163	          360 	
      164	          334 	
      165	          351 	
      166	          383 	
      167	          385 	
      168	          370 	
      169	          359 	
      170	          329 	
      171	          339 	
      172	          357 	
      173	          362 	
      174	          360 	
      175	          340 	
      176	          365 	
      177	          369 	
      178	          338 	
      179	          325 	
      180	          321 	
      181	          331 	
      182	          323 	
      183	          350 	
      184	          334 	
      185	          361 	
      186	          415 	
      187	          353 	
      188	          320 	
      189	          354 	
      190	          363 	
      191	          365 	
      192	          377 	
      193	          324 	
      194	          347 	
      195	          345 	
      196	          367 	
      197	          356 	
      198	          355 	
      199	          365 	
      200	          344 	
      201	          338 	
      202	          375 	
      203	          338 	
      204	          355 	
      205	          368 	
        1	          225 	
        2	          222 	
        3	          181 	
        4	          223 	
        5	          209 	
        6	          219 	
        7	          193 	
        8	          219 	
        9	          234 	
       10	          204 	
       11	          211 	
       12	          216 	
       13	          239 	
       14	          229 	
       15	          210 	
       16	          225 	
       17	          230 	
       18	          228 	
       19	          230 	
       20	          233 	
       21	          208 	
       22	          212 	
       23	          211 	
       24	          215 	
       25	          213 	
       26	          216 	
       27	          195 	
       28	          191 	
       29	          212 	
       30	          183 	
       31	          196 	
       32	          199 	
       33	          208 	
       34	          208 	
       35	          212 	
       36	          227 	
       37	          201 	
       38	          251 	
       39	          198 	
       40	          242 	
       41	          212 	
       42	          199 	
       43	          225 	
       44	          239 	
       45	          225 	
       46	          219 	
       47	          213 	
       48	          252 	
       49	          199 	
       50	          183 	
       51	          211 	
       52	          186 	
       53	          249 	
       54	          233 	
       55	          179 	
       56	          245 	
       57	          218 	
       58	          197 	
       59	          209 	
       60	          208 	
       61	          219 	
       62	          239 	
       63	          243 	
       64	          195 	
       65	          215 	
       66	          203 	
       67	          232 	
       68	          217 	
       69	          244 	
       70	          208 	
       71	          209 	
       72	          195 	
       73	          207 	
       74	          216 	
       75	          231 	
       76	          194 	
       77	          205 	
       78	          231 	
       79	          222 	
       80	          215 	
       81	          192 	
       82	          199 	
       83	          221 	
       84	          198 	
       85	          219 	
       86	          223 	
       87	          200 	
       88	          224 	
       89	          216 	
       90	          241 	
       91	          206 	
       92	          209 	
       93	          207 	
       94	          220 	
       95	          228 	
       96	          223 	
       97	          228 	
       98	          191 	
       99	          202 	
      100	          231 	
      101	          213 	
      102	          200 	
      103	          220 	
      104	          213 	
      105	          186 	
      106	          247 	
      107	          212 	
      108	          254 	
      109	          217 	
      110	          223 	
      111	          226 	
      112	          225 	
      113	          193 	
      114	          203 	
      115	          224 	
      116	          230 	
      117	          209 	
      118	          204 	
      119	          215 	
      120	          220 	
      121	          220 	
      122	          228 	
      123	          222 	
      124	          201 	
      125	          219 	
      126	          216 	
      127	          224 	
      128	          238 	
      129	          212 	
      130	          203 	
      131	          208 	
      132	          215 	
      133	          242 	
      134	          232 	
      135	          211 	
      136	          197 	
      137	          200 	
      138	          205 	
      139	          203 	
      140	          196 	
      141	          199 	
      142	          198 	
      143	          219 	
      144	          206 	
      145	          236 	
      146	          224 	
      147	          212 	
      148	          220 	
      149	          204 	
      150	          217 	
      151	          206 	
      152	          222 	
      153	          214 	
      154	          190 	
      155	          231 	
      156	          208 	
      157	          231 	
      158	          206 	
      159	          210 	
      160	          237 	
      161	          199 	
      162	          195 	
      163	          222 	
      164	          213 	
      165	          204 	
      166	          209 	
      167	          199 	
      168	          202 	
      169	          222 	
      170	          188 	
      171	          249 	
      172	          214 	
      173	          221 	
      174	          200 	
      175	          235 	
      176	          237 	
      177	          202 	
      178	          216 	
      179	          199 	
      180	          230 	
      181	          238 	
      182	          237 	
      183	          230 	
      184	          244 	
      185	          252 	
      186	          194 	
      187	          221 	
      188	          217 	
      189	          217 	
      190	          204 	
      191	          202 	
      192	          217 	
      193	          214 	
      194	          233 	
      195	          229 	
      196	          201 	
      197	          221 	
      198	          205 	
      199	          211 	
      200	          198 	
      201	          216 	
