Thorlabs Single Photon Counter Data Export

Date (YYYY-MM-DD):	2018-06-26
Time (HH:MM:SS):	14:04:43
Device Name:	SPCM50A
Serial Number:	M00451789
GUI Revision:	1.0 Build 2
Driver Revision:	1.0.1
Firmware Revision:	1.0.0

Application settings:
Operating Mode:	Free Running Timed Counter
Bin Length [ms]:	100
Time between Bins [ms]:	0.001
Pulse Blind Time [ns]:	0
Trigger Edge:	non-applicable
Array Measurement:	No
Array Measurement Continuously:	non-applicable
Bins per Array:	non-applicable
Active APD Gating:	No
Fan Off:	No

Bin Number 	Counts per Bin 	Remarks
        1	          307 	
        2	          334 	
        3	          334 	
        4	          337 	
        5	          314 	
        6	          313 	
        7	          332 	
        8	          324 	
        9	          326 	
       10	          336 	
       11	          315 	
       12	          295 	
       13	          347 	
       14	          338 	
       15	          341 	
       16	          331 	
       17	          344 	
       18	          310 	
       19	          330 	
       20	          330 	
       21	          348 	
       22	          304 	
       23	          350 	
       24	          341 	
       25	          335 	
       26	          320 	
       27	          340 	
       28	          347 	
       29	          344 	
       30	          307 	
       31	          330 	
       32	          295 	
       33	          329 	
       34	          305 	
       35	          358 	
       36	          285 	
       37	          340 	
       38	          336 	
       39	          328 	
       40	          394 	
       41	          375 	
       42	          323 	
       43	          326 	
       44	          339 	
       45	          335 	
       46	          334 	
       47	          328 	
       48	          323 	
       49	          353 	
       50	          309 	
       51	          328 	
       52	          314 	
       53	          319 	
       54	          337 	
       55	          307 	
       56	          353 	
       57	          332 	
       58	          318 	
       59	          312 	
       60	          320 	
       61	          312 	
       62	          329 	
       63	          307 	
       64	          326 	
       65	          335 	
       66	          313 	
       67	          319 	
       68	          307 	
       69	          311 	
       70	          370 	
       71	          313 	
       72	          324 	
       73	          321 	
       74	          333 	
       75	          326 	
       76	          351 	
       77	          368 	
       78	          317 	
       79	          329 	
       80	          334 	
       81	          290 	
       82	          308 	
       83	          333 	
       84	          336 	
       85	          332 	
       86	          299 	
       87	          317 	
       88	          343 	
       89	          311 	
       90	          364 	
       91	          345 	
       92	          321 	
       93	          318 	
       94	          306 	
       95	          330 	
       96	          315 	
       97	          334 	
       98	          326 	
       99	          300 	
      100	          346 	
      101	          312 	
      102	          323 	
      103	          326 	
      104	          330 	
      105	          310 	
      106	          329 	
      107	          301 	
      108	          341 	
      109	          331 	
      110	          338 	
      111	          346 	
      112	          318 	
      113	          335 	
      114	          364 	
      115	          359 	
      116	          353 	
      117	          295 	
      118	          315 	
      119	          331 	
      120	          349 	
      121	          306 	
      122	          318 	
      123	          355 	
      124	          327 	
      125	          341 	
      126	          343 	
      127	          289 	
      128	          320 	
      129	          329 	
      130	          321 	
      131	          298 	
      132	          315 	
      133	          322 	
      134	          349 	
      135	          315 	
      136	          300 	
      137	          316 	
      138	          344 	
      139	          339 	
      140	          294 	
      141	          351 	
      142	          328 	
      143	          339 	
      144	          341 	
      145	          305 	
      146	          350 	
      147	          323 	
      148	          334 	
      149	          357 	
      150	          347 	
      151	          311 	
      152	          322 	
      153	          307 	
      154	          315 	
      155	          327 	
      156	          323 	
      157	          363 	
      158	          308 	
      159	          330 	
      160	          309 	
      161	          355 	
      162	          346 	
      163	          332 	
      164	          327 	
      165	          360 	
      166	          321 	
      167	          334 	
      168	          329 	
      169	          326 	
      170	          315 	
      171	          328 	
      172	          329 	
      173	          333 	
      174	          325 	
      175	          326 	
      176	          309 	
      177	          323 	
      178	          324 	
      179	          328 	
      180	          353 	
      181	          365 	
      182	          309 	
      183	          304 	
      184	          332 	
      185	          325 	
      186	          306 	
      187	          358 	
      188	          335 	
      189	          320 	
      190	          304 	
      191	          305 	
      192	          294 	
      193	          317 	
      194	          319 	
      195	          331 	
      196	          348 	
      197	          322 	
      198	          337 	
      199	          355 	
      200	          324 	
      201	          327 	
      202	          325 	
      203	          344 	
      204	          306 	
      205	          354 	
      206	          302 	
      207	          391 	
      208	          324 	
      209	          302 	
      210	          337 	
      211	          291 	
      212	          336 	
      213	          335 	
      214	          316 	
      215	          321 	
      216	          302 	
      217	          317 	
      218	          320 	
      219	          330 	
      220	          333 	
      221	          324 	
      222	          348 	
      223	          317 	
      224	          355 	
      225	          324 	
      226	          355 	
      227	          355 	
      228	          313 	
      229	          310 	
      230	          338 	
      231	          297 	
      232	          323 	
      233	          349 	
      234	          322 	
      235	          334 	
      236	          322 	
      237	          331 	
      238	          313 	
      239	          333 	
      240	          316 	
      241	          322 	
      242	          304 	
      243	          314 	
      244	          327 	
      245	          311 	
      246	          308 	
      247	          332 	
      248	          332 	
      249	          342 	
      250	          315 	
      251	          304 	
      252	          320 	
      253	          305 	
      254	          314 	
      255	          316 	
      256	          316 	
      257	          309 	
      258	          327 	
      259	          320 	
      260	          342 	
      261	          327 	
      262	          308 	
      263	          303 	
      264	          335 	
      265	          323 	
      266	          322 	
      267	          310 	
      268	          336 	
      269	          309 	
      270	          309 	
      271	          336 	
      272	          308 	
      273	          285 	
      274	          304 	
      275	          301 	
      276	          356 	
      277	          315 	
      278	          325 	
      279	          294 	
      280	          317 	
      281	          311 	
      282	          354 	
      283	          351 	
      284	          314 	
      285	          328 	
      286	          343 	
      287	          336 	
      288	          349 	
      289	          312 	
      290	          311 	
      291	          339 	
      292	          336 	
      293	          355 	
      294	          353 	
      295	          344 	
      296	          345 	
      297	          314 	
      298	          363 	
      299	          336 	
      300	          327 	
      301	          319 	
      302	          286 	
      303	          329 	
      304	          304 	
      305	          309 	
      306	          348 	
      307	          319 	
      308	          356 	
      309	          327 	
      310	          315 	
      311	          323 	
      312	          337 	
      313	          328 	
      314	          333 	
      315	          314 	
      316	          336 	
      317	          342 	
      318	          300 	
      319	          345 	
      320	          334 	
      321	          340 	
      322	          327 	
      323	          333 	
      324	          311 	
      325	          295 	
      326	          332 	
      327	          331 	
      328	          332 	
      329	          294 	
      330	          352 	
      331	          329 	
      332	          343 	
      333	          305 	
      334	          308 	
      335	          350 	
      336	          335 	
      337	          314 	
      338	          293 	
      339	          311 	
      340	          300 	
      341	          321 	
      342	          347 	
      343	          323 	
      344	          340 	
      345	          290 	
      346	          319 	
      347	          303 	
      348	          346 	
      349	          330 	
      350	          287 	
      351	          334 	
      352	          306 	
      353	          300 	
      354	          329 	
      355	          332 	
      356	          350 	
      357	          327 	
      358	          327 	
      359	          339 	
      360	          306 	
      361	          313 	
      362	          305 	
      363	          329 	
      364	          326 	
      365	          308 	
      366	          294 	
      367	          350 	
      368	          322 	
      369	          327 	
      370	          319 	
      371	          326 	
      372	          337 	
      373	          303 	
      374	          349 	
      375	          338 	
      376	          318 	
      377	          367 	
      378	          346 	
      379	          330 	
      380	          331 	
      381	          328 	
      382	          360 	
      383	          368 	
      384	          312 	
      385	          317 	
      386	          319 	
      387	          317 	
      388	          303 	
      389	          319 	
      390	          329 	
      391	          317 	
      392	          318 	
      393	          323 	
      394	          302 	
      395	          319 	
      396	          329 	
      397	          347 	
      398	          341 	
      399	          337 	
      400	          378 	
      401	          311 	
      402	          355 	
      403	          331 	
      404	          321 	
      405	          315 	
      406	          262 	
      407	          320 	
      408	          325 	
      409	          321 	
      410	          323 	
      411	          348 	
      412	          338 	
      413	          337 	
      414	          313 	
      415	          326 	
      416	          318 	
      417	          287 	
      418	          312 	
      419	          289 	
      420	          314 	
      421	          340 	
      422	          325 	
      423	          354 	
      424	          296 	
      425	          324 	
      426	          328 	
      427	          324 	
      428	          318 	
      429	          307 	
      430	          335 	
      431	          344 	
      432	          328 	
      433	          338 	
      434	          296 	
      435	          338 	
      436	          326 	
      437	          337 	
      438	          324 	
      439	          297 	
      440	          355 	
      441	          344 	
      442	          322 	
      443	          323 	
      444	          353 	
      445	          333 	
      446	          328 	
      447	          332 	
      448	          331 	
      449	          312 	
      450	          349 	
      451	          360 	
      452	          336 	
      453	          325 	
      454	          343 	
      455	          338 	
      456	          388 	
      457	          370 	
      458	          309 	
      459	          327 	
      460	          329 	
      461	          284 	
      462	          338 	
      463	          363 	
      464	          321 	
      465	          318 	
      466	          292 	
      467	          319 	
      468	          330 	
      469	          316 	
      470	          349 	
      471	          328 	
      472	          345 	
      473	          316 	
      474	          363 	
      475	          342 	
      476	          329 	
      477	          341 	
      478	          284 	
      479	          325 	
      480	          331 	
      481	          301 	
      482	          349 	
      483	          329 	
      484	          327 	
      485	          314 	
      486	          318 	
      487	          336 	
      488	          338 	
      489	          322 	
      490	          313 	
      491	          318 	
      492	          351 	
      493	          327 	
      494	          380 	
      495	          322 	
      496	          346 	
      497	          364 	
      498	          316 	
      499	          317 	
      500	          324 	
      501	          301 	
      502	          314 	
      503	          316 	
      504	          309 	
      505	          354 	
