Thorlabs Single Photon Counter Data Export

Date (YYYY-MM-DD):	2018-07-11
Time (HH:MM:SS):	14:19:12
Device Name:	SPCM50A
Serial Number:	M00451789
GUI Revision:	1.0 Build 2
Driver Revision:	1.0.1
Firmware Revision:	1.0.0

Application settings:
Operating Mode:	Free Running Timed Counter
Bin Length [ms]:	100
Time between Bins [ms]:	0.001
Pulse Blind Time [ns]:	0
Trigger Edge:	non-applicable
Array Measurement:	No
Array Measurement Continuously:	non-applicable
Bins per Array:	non-applicable
Active APD Gating:	No
Fan Off:	No

Bin Number 	Counts per Bin 	Remarks
        1	        18472 	
        2	        18902 	
        3	        19552 	
        4	        19185 	
        5	        19003 	
        6	        18954 	
        7	        18851 	
        8	        18805 	
        9	        18831 	
       10	        18606 	
       11	        18660 	
       12	        18631 	
       13	        18706 	
       14	        18857 	
       15	        18766 	
       16	        18850 	
       17	        18646 	
       18	        18335 	
       19	        18482 	
       20	        18378 	
       21	        18357 	
       22	        17909 	
       23	        18117 	
       24	        18529 	
       25	        18939 	
       26	        19047 	
       27	        19192 	
       28	        19045 	
       29	        19182 	
       30	        19562 	
       31	        19237 	
       32	        19207 	
       33	        19496 	
       34	        19613 	
       35	        19472 	
       36	        19488 	
       37	        19469 	
       38	        19559 	
       39	        19080 	
       40	        19244 	
       41	        19214 	
       42	        19132 	
       43	        19012 	
       44	        19162 	
       45	        19043 	
       46	        19300 	
       47	        19277 	
       48	        19206 	
       49	        19022 	
       50	        18302 	
       51	        18227 	
       52	        18319 	
       53	        18340 	
       54	        18357 	
       55	        17845 	
       56	        17892 	
       57	        18217 	
       58	        18415 	
       59	        18204 	
       60	        18160 	
       61	        18238 	
       62	        18227 	
       63	        18418 	
       64	        18553 	
       65	        18817 	
       66	        18553 	
       67	        18538 	
       68	        18392 	
       69	        18412 	
       70	        18534 	
       71	        18237 	
       72	        18403 	
       73	        18472 	
       74	        18430 	
       75	        18577 	
       76	        18200 	
       77	        18306 	
       78	        18100 	
       79	        17718 	
       80	        18091 	
       81	        17736 	
       82	        17326 	
       83	        17663 	
       84	        18007 	
       85	        18251 	
       86	        18311 	
       87	        17994 	
       88	        18002 	
       89	        17858 	
       90	        17951 	
       91	        17919 	
       92	        18179 	
       93	        18030 	
       94	        18325 	
       95	        18514 	
       96	        19678 	
       97	        19689 	
       98	        19847 	
       99	        19970 	
      100	        19799 	
      101	        19891 	
      102	        19945 	
      103	        19920 	
      104	        19874 	
      105	        19512 	
      106	        19463 	
      107	        19286 	
      108	        18967 	
      109	        18928 	
      110	        18811 	
      111	        18132 	
      112	        17851 	
      113	        18225 	
      114	        18302 	
      115	        18280 	
      116	        18629 	
      117	        18836 	
      118	        18603 	
      119	        18717 	
      120	        18613 	
      121	        18923 	
      122	        18805 	
      123	        18873 	
      124	        18833 	
      125	        18793 	
      126	        19013 	
      127	        18600 	
      128	        18454 	
      129	        18336 	
      130	        18578 	
      131	        18604 	
      132	        18592 	
      133	        18786 	
      134	        18971 	
      135	        18553 	
      136	        18628 	
      137	        18755 	
      138	        19014 	
      139	        18791 	
      140	        18450 	
      141	        18360 	
      142	        18283 	
      143	        18070 	
      144	        18190 	
      145	        18197 	
      146	        17976 	
      147	        18029 	
      148	        17997 	
      149	        17988 	
      150	        18081 	
      151	        18271 	
      152	        18250 	
      153	        18076 	
      154	        18283 	
      155	        18587 	
      156	        18779 	
      157	        18716 	
      158	        18667 	
      159	        18761 	
      160	        19008 	
      161	        18604 	
      162	        19078 	
      163	        18908 	
      164	        18928 	
      165	        18712 	
      166	        18947 	
      167	        18203 	
      168	        17920 	
      169	        17787 	
      170	        17635 	
      171	        17633 	
      172	        17494 	
      173	        17332 	
      174	        17554 	
      175	        17742 	
      176	        17413 	
      177	        17284 	
      178	        17255 	
      179	        17238 	
      180	        17251 	
      181	        17433 	
      182	        17454 	
      183	        17756 	
      184	        17328 	
      185	        17222 	
      186	        17550 	
      187	        17285 	
      188	        17453 	
      189	        17414 	
      190	        17495 	
      191	        17248 	
      192	        17480 	
      193	        17396 	
      194	        17315 	
      195	        17279 	
      196	        17304 	
      197	        17510 	
      198	        17215 	
      199	        17552 	
      200	        17529 	
      201	        17565 	
      202	        17417 	
      203	        17619 	
      204	        17883 	
      205	        18284 	
      206	        18816 	
      207	        18532 	
      208	        18131 	
      209	        17917 	
      210	        18268 	
      211	        17866 	
      212	        17930 	
      213	        18295 	
      214	        18590 	
      215	        19300 	
      216	        19168 	
      217	        19151 	
      218	        19115 	
      219	        19038 	
      220	        19273 	
      221	        19195 	
      222	        18860 	
      223	        18520 	
      224	        18634 	
      225	        18638 	
      226	        18610 	
      227	        18616 	
      228	        18611 	
      229	        18152 	
      230	        18219 	
      231	        18969 	
      232	        19079 	
      233	        18818 	
      234	        18246 	
      235	        18288 	
      236	        18154 	
      237	        19035 	
      238	        19451 	
      239	        19463 	
      240	        19382 	
      241	        18869 	
      242	        18714 	
      243	        18836 	
      244	        18475 	
      245	        18876 	
      246	        19048 	
      247	        18300 	
      248	        18510 	
      249	        18940 	
      250	        18675 	
      251	        18837 	
      252	        18974 	
      253	        19046 	
      254	        18691 	
      255	        18601 	
      256	        18684 	
      257	        19012 	
      258	        19083 	
      259	        19143 	
      260	        19201 	
      261	        18914 	
      262	        18324 	
      263	        18584 	
      264	        18531 	
      265	        17993 	
      266	        18392 	
      267	        18424 	
      268	        18435 	
      269	        18315 	
      270	        18286 	
      271	        18179 	
      272	        18142 	
      273	        18258 	
      274	        18308 	
      275	        18065 	
      276	        18592 	
      277	        18472 	
      278	        18399 	
      279	        18747 	
      280	        18429 	
      281	        18514 	
      282	        18764 	
      283	        18501 	
      284	        18994 	
      285	        17462 	
      286	        17659 	
      287	        17774 	
      288	        17640 	
      289	        18024 	
      290	        17744 	
      291	        18061 	
      292	        18273 	
      293	        18373 	
      294	        17983 	
      295	        18076 	
      296	        17882 	
      297	        17711 	
      298	        17675 	
      299	        17778 	
      300	        18009 	
      301	        17664 	
      302	        17812 	
      303	        17614 	
      304	        17363 	
      305	        17643 	
      306	        17572 	
      307	        17511 	
      308	        17904 	
      309	        17716 	
      310	        17943 	
      311	        17803 	
      312	        17922 	
      313	        18070 	
      314	        18200 	
      315	        18352 	
      316	        17751 	
      317	        17803 	
      318	        17693 	
      319	        18275 	
      320	        18278 	
      321	        18128 	
      322	        18261 	
      323	        18014 	
      324	        17842 	
      325	        17873 	
      326	        17997 	
      327	        17909 	
      328	        18074 	
      329	        18312 	
      330	        17877 	
      331	        18184 	
      332	        18018 	
      333	        18102 	
      334	        17850 	
      335	        17956 	
      336	        18085 	
      337	        18118 	
      338	        18266 	
      339	        18008 	
      340	        18292 	
      341	        18153 	
      342	        18240 	
      343	        18188 	
      344	        18420 	
      345	        18098 	
      346	        18240 	
      347	        18241 	
      348	        17860 	
      349	        18157 	
      350	        18178 	
      351	        18374 	
      352	        18206 	
      353	        18168 	
      354	        18427 	
      355	        18553 	
      356	        19515 	
      357	        20057 	
      358	        19837 	
      359	        20121 	
      360	        20168 	
      361	        19804 	
      362	        19999 	
      363	        19795 	
      364	        19856 	
      365	        20057 	
      366	        19776 	
      367	        19691 	
      368	        20046 	
      369	        19949 	
      370	        19834 	
      371	        19924 	
      372	        19847 	
      373	        19385 	
      374	        19394 	
      375	        19257 	
      376	        19299 	
      377	        19370 	
      378	        19319 	
      379	        19035 	
      380	        18993 	
      381	        18626 	
      382	        19028 	
      383	        18966 	
      384	        19094 	
      385	        18414 	
      386	        17782 	
      387	        17937 	
      388	        17946 	
      389	        17948 	
      390	        18180 	
      391	        18011 	
      392	        17871 	
      393	        18110 	
      394	        17859 	
      395	        17858 	
      396	        18022 	
      397	        18251 	
      398	        17927 	
      399	        17631 	
      400	        17549 	
      401	        17633 	
      402	        17633 	
      403	        17644 	
      404	        17479 	
      405	        17510 	
      406	        17403 	
      407	        17864 	
      408	        18718 	
      409	        18811 	
      410	        17314 	
      411	        17584 	
      412	        18141 	
      413	        18462 	
      414	        18146 	
      415	        18190 	
      416	        18053 	
      417	        17864 	
      418	        17983 	
      419	        17973 	
      420	        17901 	
      421	        18115 	
      422	        18111 	
      423	        18049 	
      424	        18008 	
      425	        17664 	
      426	        17803 	
      427	        17682 	
      428	        17134 	
      429	        17472 	
      430	        17344 	
      431	        17527 	
      432	        17550 	
      433	        17619 	
      434	        17659 	
      435	        17471 	
      436	        17467 	
      437	        17271 	
      438	        16992 	
      439	        16979 	
      440	        17078 	
      441	        17333 	
      442	        17443 	
      443	        17761 	
      444	        18076 	
      445	        18332 	
      446	        18706 	
      447	        18832 	
      448	        18937 	
      449	        18612 	
      450	        18490 	
      451	        18622 	
      452	        18672 	
      453	        18494 	
      454	        18777 	
      455	        18863 	
      456	        18729 	
      457	        18342 	
      458	        18402 	
      459	        17940 	
      460	        18167 	
      461	        18282 	
      462	        18567 	
      463	        18753 	
      464	        18762 	
      465	        18809 	
      466	        18778 	
      467	        18647 	
      468	        19042 	
      469	        18804 	
      470	        18446 	
      471	        18595 	
      472	        18433 	
      473	        18521 	
      474	        18746 	
      475	        19068 	
      476	        18972 	
      477	        19181 	
      478	        19002 	
      479	        19464 	
      480	        19579 	
      481	        19546 	
      482	        18648 	
      483	        18340 	
      484	        18187 	
      485	        18396 	
      486	        18210 	
      487	        18252 	
      488	        18162 	
      489	        18109 	
      490	        18342 	
      491	        18238 	
      492	        18175 	
      493	        18123 	
      494	        18219 	
      495	        18248 	
      496	        18354 	
      497	        18054 	
      498	        18048 	
      499	        18234 	
      500	        18289 	
      501	        18113 	
      502	        18390 	
      503	        18499 	
      504	        18368 	
      505	        18391 	
      506	        18552 	
