Thorlabs Single Photon Counter Data Export

Date (YYYY-MM-DD):	2018-07-11
Time (HH:MM:SS):	14:17:34
Device Name:	SPCM50A
Serial Number:	M00451789
GUI Revision:	1.0 Build 2
Driver Revision:	1.0.1
Firmware Revision:	1.0.0

Application settings:
Operating Mode:	Free Running Timed Counter
Bin Length [ms]:	100
Time between Bins [ms]:	0.001
Pulse Blind Time [ns]:	0
Trigger Edge:	non-applicable
Array Measurement:	No
Array Measurement Continuously:	non-applicable
Bins per Array:	non-applicable
Active APD Gating:	No
Fan Off:	No

Bin Number 	Counts per Bin 	Remarks
        1	         1664 	
        2	         1634 	
        3	         1691 	
        4	         1640 	
        5	         1711 	
        6	         1621 	
        7	         1688 	
        8	         1614 	
        9	         1699 	
       10	         1714 	
       11	         1702 	
       12	         1637 	
       13	         1706 	
       14	         1581 	
       15	         1552 	
       16	         1522 	
       17	         1538 	
       18	         1538 	
       19	         1523 	
       20	         1443 	
       21	         1602 	
       22	         1603 	
       23	         1584 	
       24	         1603 	
       25	         1519 	
       26	         1508 	
       27	         1608 	
       28	         1548 	
       29	         1630 	
       30	         1572 	
       31	         1579 	
       32	         1560 	
       33	         1562 	
       34	         1575 	
       35	         1548 	
       36	         1487 	
       37	         1474 	
       38	         1593 	
       39	         1600 	
       40	         1633 	
       41	         1602 	
       42	         1679 	
       43	         1737 	
       44	         1671 	
       45	         1709 	
       46	         1615 	
       47	         1736 	
       48	         1658 	
       49	         1628 	
       50	         1640 	
       51	         1597 	
       52	         1635 	
       53	         1573 	
       54	         1642 	
       55	         1634 	
       56	         1589 	
       57	         1584 	
       58	         1619 	
       59	         1593 	
       60	         1554 	
       61	         1621 	
       62	         1586 	
       63	         1598 	
       64	         1662 	
       65	         1556 	
       66	         1554 	
       67	         1562 	
       68	         1592 	
       69	         1632 	
       70	         1559 	
       71	         1644 	
       72	         1700 	
       73	         1596 	
       74	         1595 	
       75	         1596 	
       76	         1602 	
       77	         1584 	
       78	         1670 	
       79	         1689 	
       80	         1691 	
       81	         1757 	
       82	         1699 	
       83	         1584 	
       84	         1654 	
       85	         1625 	
       86	         1618 	
       87	         1590 	
       88	         1557 	
       89	         1614 	
       90	         1561 	
       91	         1584 	
       92	         1624 	
       93	         1611 	
       94	         1598 	
       95	         1683 	
       96	         1673 	
       97	         1748 	
       98	         1711 	
       99	         1662 	
      100	         1697 	
      101	         1683 	
      102	         1738 	
      103	         1720 	
      104	         1827 	
      105	         1690 	
      106	         1743 	
      107	         1646 	
      108	         1771 	
      109	         1687 	
      110	         1545 	
      111	         1574 	
      112	         1551 	
      113	         1594 	
      114	         1621 	
      115	         1538 	
      116	         1535 	
      117	         1508 	
      118	         1521 	
      119	         1483 	
      120	         1552 	
      121	         1464 	
      122	         1554 	
      123	         1558 	
      124	         1512 	
      125	         1457 	
      126	         1574 	
      127	         1476 	
      128	         1615 	
      129	         1496 	
      130	         1572 	
      131	         1519 	
      132	         1646 	
      133	         1522 	
      134	         1556 	
      135	         1532 	
      136	         1583 	
      137	         1590 	
      138	         1545 	
      139	         1642 	
      140	         1606 	
      141	         1579 	
      142	         1571 	
      143	         1545 	
      144	         1571 	
      145	         1566 	
      146	         1584 	
      147	         1613 	
      148	         1529 	
      149	         1597 	
      150	         1530 	
      151	         1512 	
      152	         1569 	
      153	         1608 	
      154	         1599 	
      155	         1554 	
      156	         1647 	
      157	         1553 	
      158	         1555 	
      159	         1587 	
      160	         1572 	
      161	         1532 	
      162	         1615 	
      163	         1564 	
      164	         1574 	
      165	         1593 	
      166	         1565 	
      167	         1587 	
      168	         1600 	
      169	         1574 	
      170	         1625 	
      171	         1621 	
      172	         1666 	
      173	         1670 	
      174	         1632 	
      175	         1615 	
      176	         1704 	
      177	         1765 	
      178	         1792 	
      179	         1778 	
      180	         1750 	
      181	         1733 	
      182	         1747 	
      183	         1723 	
      184	         1638 	
      185	         1719 	
      186	         1687 	
      187	         1612 	
      188	         1648 	
      189	         1620 	
      190	         1672 	
      191	         1628 	
      192	         1703 	
      193	         1748 	
      194	         1735 	
      195	         1672 	
      196	         1658 	
      197	         1694 	
      198	         1613 	
      199	         1514 	
      200	         1541 	
      201	         1578 	
      202	         1468 	
      203	         1569 	
      204	         1535 	
      205	         1564 	
      206	         1615 	
      207	         1514 	
      208	         1611 	
      209	         1644 	
      210	         1586 	
      211	         1669 	
      212	         1622 	
      213	         1611 	
      214	         1718 	
      215	         1623 	
      216	         1640 	
      217	         1675 	
      218	         1602 	
      219	         1642 	
      220	         1595 	
      221	         1622 	
      222	         1657 	
      223	         1612 	
      224	         1674 	
      225	         1663 	
      226	         1701 	
      227	         1702 	
      228	         1667 	
      229	         1717 	
      230	         1720 	
      231	         1748 	
      232	         1695 	
      233	         1620 	
      234	         1654 	
      235	         1619 	
      236	         1711 	
      237	         1623 	
      238	         1702 	
      239	         1697 	
      240	         1480 	
      241	         1626 	
      242	         1583 	
      243	         1652 	
      244	         1597 	
      245	         1549 	
      246	         1691 	
      247	         1667 	
      248	         1552 	
      249	         1619 	
      250	         1582 	
      251	         1583 	
      252	         1587 	
      253	         1616 	
      254	         1591 	
      255	         1594 	
      256	         1532 	
      257	         1601 	
      258	         1598 	
      259	         1546 	
      260	         1474 	
      261	         1482 	
      262	         1490 	
      263	         1639 	
      264	         1573 	
      265	         1490 	
      266	         1518 	
      267	         1545 	
      268	         1545 	
      269	         1499 	
      270	         1513 	
      271	         1629 	
      272	         1636 	
      273	         1630 	
      274	         1546 	
      275	         1722 	
      276	         1637 	
      277	         1561 	
      278	         1589 	
      279	         1572 	
      280	         1516 	
      281	         1545 	
      282	         1628 	
      283	         1436 	
      284	         1491 	
      285	         1475 	
      286	         1484 	
      287	         1440 	
      288	         1519 	
      289	         1494 	
      290	         1469 	
      291	         1444 	
      292	         1560 	
      293	         1740 	
      294	         1711 	
      295	         1767 	
      296	         1658 	
      297	         1670 	
      298	         1625 	
      299	         1616 	
      300	         1602 	
      301	         1699 	
      302	         1646 	
      303	         1662 	
      304	         1655 	
      305	         1712 	
      306	         1737 	
      307	         1648 	
      308	         1640 	
      309	         1639 	
      310	         1672 	
      311	         1624 	
      312	         1529 	
      313	         1673 	
      314	         1685 	
      315	         1643 	
      316	         1642 	
      317	         1556 	
      318	         1622 	
      319	         1637 	
      320	         1643 	
      321	         1643 	
      322	         1713 	
      323	         1713 	
      324	         1704 	
      325	         1635 	
      326	         1607 	
      327	         1619 	
      328	         1611 	
      329	         1775 	
      330	         1804 	
      331	         1727 	
      332	         1755 	
      333	         1739 	
      334	         1727 	
      335	         1704 	
      336	         1709 	
      337	         1595 	
      338	         1615 	
      339	         1564 	
      340	         1575 	
      341	         1583 	
      342	         1662 	
      343	         1571 	
      344	         1561 	
      345	         1575 	
      346	         1625 	
      347	         1575 	
      348	         1659 	
      349	         1650 	
      350	         1667 	
      351	         1642 	
      352	         1634 	
      353	         1595 	
      354	         1627 	
      355	         1696 	
      356	         1676 	
      357	         1694 	
      358	         1648 	
      359	         1653 	
      360	         1650 	
      361	         1669 	
      362	         1598 	
      363	         1618 	
      364	         1641 	
      365	         1535 	
      366	         1655 	
      367	         1616 	
      368	         1656 	
      369	         1668 	
      370	         1577 	
      371	         1546 	
      372	         1604 	
      373	         1639 	
      374	         1601 	
      375	         1523 	
      376	         1531 	
      377	         1539 	
      378	         1560 	
      379	         1671 	
      380	         1621 	
      381	         1582 	
      382	         1597 	
      383	         1584 	
      384	         1486 	
      385	         1481 	
      386	         1514 	
      387	         1606 	
      388	         1698 	
      389	         1633 	
      390	         1668 	
      391	         1652 	
      392	         1648 	
      393	         1636 	
      394	         1652 	
      395	         1534 	
      396	         1604 	
      397	         1612 	
      398	         1654 	
      399	         1703 	
      400	         1699 	
      401	         1666 	
      402	         1713 	
      403	         1625 	
      404	         1573 	
      405	         1662 	
      406	         1689 	
      407	         1703 	
      408	         1640 	
      409	         1637 	
      410	         1617 	
      411	         1604 	
      412	         1589 	
      413	         1680 	
      414	         1627 	
      415	         1604 	
      416	         1660 	
      417	         1730 	
      418	         1647 	
      419	         1663 	
      420	         1628 	
      421	         1554 	
      422	         1601 	
      423	         1587 	
      424	         1642 	
      425	         1587 	
      426	         1577 	
      427	         1581 	
      428	         1668 	
      429	         1589 	
      430	         1669 	
      431	         1602 	
      432	         1645 	
      433	         1641 	
      434	         1577 	
      435	         1635 	
      436	         1712 	
      437	         1649 	
      438	         1665 	
      439	         1634 	
      440	         1687 	
      441	         1769 	
      442	         1716 	
      443	         1696 	
      444	         1593 	
      445	         1649 	
      446	         1693 	
      447	         1576 	
      448	         1580 	
      449	         1578 	
      450	         1495 	
      451	         1510 	
      452	         1572 	
      453	         1553 	
      454	         1633 	
      455	         1672 	
      456	         1707 	
      457	         1760 	
      458	         1721 	
      459	         1518 	
      460	         1597 	
      461	         1542 	
      462	         1570 	
      463	         1615 	
      464	         1584 	
      465	         1532 	
      466	         1620 	
      467	         1585 	
      468	         1576 	
      469	         1514 	
      470	         1633 	
      471	         1599 	
      472	         1480 	
      473	         1509 	
      474	         1435 	
      475	         1506 	
      476	         1547 	
      477	         1471 	
      478	         1501 	
      479	         1533 	
      480	         1556 	
      481	         1569 	
      482	         1525 	
      483	         1602 	
      484	         1626 	
      485	         1645 	
      486	         1690 	
      487	         1659 	
      488	         1657 	
      489	         1551 	
      490	         1623 	
      491	         1662 	
      492	         1651 	
      493	         1536 	
      494	         1659 	
      495	         1621 	
      496	         1613 	
      497	         1555 	
      498	         1619 	
      499	         1655 	
      500	         1695 	
      501	         1733 	
      502	         1777 	
      503	         1680 	
      504	         1708 	
      505	         1653 	
      506	         1593 	
      507	         1638 	
      508	         1670 	
