Thorlabs Single Photon Counter Data Export

Date (YYYY-MM-DD):	2018-07-11
Time (HH:MM:SS):	14:22:10
Device Name:	SPCM50A
Serial Number:	M00451789
GUI Revision:	1.0 Build 2
Driver Revision:	1.0.1
Firmware Revision:	1.0.0

Application settings:
Operating Mode:	Free Running Timed Counter
Bin Length [ms]:	100
Time between Bins [ms]:	0.001
Pulse Blind Time [ns]:	0
Trigger Edge:	non-applicable
Array Measurement:	No
Array Measurement Continuously:	non-applicable
Bins per Array:	non-applicable
Active APD Gating:	No
Fan Off:	No

Bin Number 	Counts per Bin 	Remarks
        1	         6200 	
        2	         6232 	
        3	         6289 	
        4	         6315 	
        5	         6179 	
        6	         6085 	
        7	         5833 	
        8	         5744 	
        9	         5802 	
       10	         5870 	
       11	         5829 	
       12	         5739 	
       13	         5841 	
       14	         5704 	
       15	         5910 	
       16	         5722 	
       17	         6238 	
       18	         6124 	
       19	         5892 	
       20	         6531 	
       21	         6330 	
       22	         6260 	
       23	         6133 	
       24	         6193 	
       25	         6174 	
       26	         6236 	
       27	         6362 	
       28	         6156 	
       29	         6235 	
       30	         6350 	
       31	         6473 	
       32	         6449 	
       33	         6312 	
       34	         6270 	
       35	         6288 	
       36	         6329 	
       37	         6198 	
       38	         6494 	
       39	         6267 	
       40	         6252 	
       41	         6294 	
       42	         6266 	
       43	         6064 	
       44	         6187 	
       45	         6161 	
       46	         6231 	
       47	         6194 	
       48	         6187 	
       49	         6056 	
       50	         6030 	
       51	         5955 	
       52	         5870 	
       53	         6135 	
       54	         6070 	
       55	         6051 	
       56	         6013 	
       57	         6033 	
       58	         6066 	
       59	         6050 	
       60	         5995 	
       61	         5935 	
       62	         5931 	
       63	         6119 	
       64	         5984 	
       65	         6028 	
       66	         5868 	
       67	         6104 	
       68	         6290 	
       69	         6282 	
       70	         6355 	
       71	         6256 	
       72	         6246 	
       73	         6169 	
       74	         6190 	
       75	         6240 	
       76	         5977 	
       77	         6066 	
       78	         6098 	
       79	         6219 	
       80	         6125 	
       81	         6077 	
       82	         6136 	
       83	         6270 	
       84	         6270 	
       85	         6184 	
       86	         6269 	
       87	         6182 	
       88	         6046 	
       89	         6236 	
       90	         6106 	
       91	         6173 	
       92	         6235 	
       93	         6268 	
       94	         6104 	
       95	         6089 	
       96	         6192 	
       97	         6115 	
       98	         5849 	
       99	         6194 	
      100	         5989 	
      101	         6020 	
      102	         5996 	
      103	         5971 	
      104	         5843 	
      105	         6027 	
      106	         6045 	
      107	         5975 	
      108	         6218 	
      109	         6423 	
      110	         6485 	
      111	         6617 	
      112	         6621 	
      113	         6368 	
      114	         6462 	
      115	         6468 	
      116	         6408 	
      117	         6342 	
      118	         6304 	
      119	         6232 	
      120	         6395 	
      121	         6324 	
      122	         6465 	
      123	         6668 	
      124	         6515 	
      125	         6503 	
      126	         6411 	
      127	         6355 	
      128	         6266 	
      129	         6419 	
      130	         6460 	
      131	         6516 	
      132	         6433 	
      133	         6319 	
      134	         6331 	
      135	         6266 	
      136	         6163 	
      137	         6032 	
      138	         6155 	
      139	         6023 	
      140	         6064 	
      141	         5986 	
      142	         6103 	
      143	         6166 	
      144	         6224 	
      145	         6076 	
      146	         6121 	
      147	         6154 	
      148	         6117 	
      149	         6043 	
      150	         6174 	
      151	         6225 	
      152	         6269 	
      153	         6203 	
      154	         6310 	
      155	         6368 	
      156	         6228 	
      157	         6044 	
      158	         6035 	
      159	         6072 	
      160	         5948 	
      161	         6098 	
      162	         5917 	
      163	         6179 	
      164	         5966 	
      165	         6055 	
      166	         6200 	
      167	         6103 	
      168	         6202 	
      169	         6114 	
      170	         6338 	
      171	         6168 	
      172	         6187 	
      173	         6009 	
      174	         6225 	
      175	         6341 	
      176	         6126 	
      177	         6123 	
      178	         6154 	
      179	         6058 	
      180	         6106 	
      181	         6030 	
      182	         6045 	
      183	         5998 	
      184	         5980 	
      185	         5946 	
      186	         5991 	
      187	         5962 	
      188	         5941 	
      189	         6043 	
      190	         5976 	
      191	         6134 	
      192	         6064 	
      193	         6040 	
      194	         6010 	
      195	         6011 	
      196	         6021 	
      197	         6151 	
      198	         6264 	
      199	         6183 	
      200	         6036 	
      201	         6058 	
      202	         6203 	
      203	         6320 	
      204	         6193 	
      205	         6245 	
      206	         6059 	
      207	         6134 	
      208	         6118 	
      209	         6121 	
      210	         6282 	
      211	         6267 	
      212	         6032 	
      213	         6201 	
      214	         6059 	
      215	         6084 	
      216	         6076 	
      217	         6183 	
      218	         6249 	
      219	         6050 	
      220	         6153 	
      221	         6160 	
      222	         6188 	
      223	         6388 	
      224	         6142 	
      225	         6355 	
      226	         6081 	
      227	         6237 	
      228	         5846 	
      229	         5729 	
      230	         6128 	
      231	         6246 	
      232	         6146 	
      233	         6229 	
      234	         6260 	
      235	         6172 	
      236	         6377 	
      237	         6434 	
      238	         6265 	
      239	         6098 	
      240	         6116 	
      241	         6120 	
      242	         6151 	
      243	         5997 	
      244	         6066 	
      245	         5999 	
      246	         6153 	
      247	         6080 	
      248	         6054 	
      249	         5955 	
      250	         5932 	
      251	         6039 	
      252	         6042 	
      253	         5936 	
      254	         5945 	
      255	         6011 	
      256	         6062 	
      257	         5878 	
      258	         6057 	
      259	         6038 	
      260	         6129 	
      261	         6124 	
      262	         6152 	
      263	         6081 	
      264	         5966 	
      265	         6094 	
      266	         5989 	
      267	         5817 	
      268	         6070 	
      269	         6322 	
      270	         6194 	
      271	         6289 	
      272	         6413 	
      273	         6498 	
      274	         6323 	
      275	         6275 	
      276	         6171 	
      277	         6309 	
      278	         6276 	
      279	         6349 	
      280	         6332 	
      281	         6334 	
      282	         6212 	
      283	         6129 	
      284	         6152 	
      285	         6091 	
      286	         6001 	
      287	         6269 	
      288	         6281 	
      289	         6404 	
      290	         6160 	
      291	         6181 	
      292	         6119 	
      293	         6019 	
      294	         6127 	
      295	         5986 	
      296	         5894 	
      297	         5959 	
      298	         5984 	
      299	         6033 	
      300	         5900 	
      301	         6164 	
      302	         6202 	
      303	         5964 	
      304	         6022 	
      305	         6067 	
      306	         6163 	
      307	         6066 	
      308	         6235 	
      309	         6260 	
      310	         5976 	
      311	         6078 	
      312	         6049 	
      313	         6336 	
      314	         6372 	
      315	         6218 	
      316	         6319 	
      317	         6325 	
      318	         6193 	
      319	         6157 	
      320	         6089 	
      321	         6239 	
      322	         6194 	
      323	         6377 	
      324	         6239 	
      325	         6358 	
      326	         6346 	
      327	         6256 	
      328	         6393 	
      329	         6247 	
      330	         6257 	
      331	         6345 	
      332	         6227 	
      333	         6133 	
      334	         6390 	
      335	         6372 	
      336	         6381 	
      337	         6221 	
      338	         6145 	
      339	         6147 	
      340	         6117 	
      341	         6289 	
      342	         6087 	
      343	         6232 	
      344	         6008 	
      345	         6026 	
      346	         6144 	
      347	         5940 	
      348	         6070 	
      349	         5807 	
      350	         5896 	
      351	         5962 	
      352	         5928 	
      353	         6023 	
      354	         6130 	
      355	         5973 	
      356	         6327 	
      357	         6296 	
      358	         6192 	
      359	         6191 	
      360	         6170 	
      361	         6203 	
      362	         6127 	
      363	         6156 	
      364	         6252 	
      365	         6421 	
      366	         6079 	
      367	         6204 	
      368	         6234 	
      369	         6330 	
      370	         6453 	
      371	         6206 	
      372	         6271 	
      373	         6121 	
      374	         6110 	
      375	         6035 	
      376	         6076 	
      377	         5970 	
      378	         5986 	
      379	         6112 	
      380	         6228 	
      381	         6146 	
      382	         6120 	
      383	         6311 	
      384	         6103 	
      385	         6144 	
      386	         6232 	
      387	         6186 	
      388	         6340 	
      389	         6341 	
      390	         6245 	
      391	         6132 	
      392	         6051 	
      393	         6146 	
      394	         5961 	
      395	         6047 	
      396	         6029 	
      397	         6009 	
      398	         5980 	
      399	         6127 	
      400	         6033 	
      401	         5993 	
      402	         6171 	
      403	         6521 	
      404	         6427 	
      405	         6111 	
      406	         6085 	
      407	         5978 	
      408	         5997 	
      409	         5949 	
      410	         6095 	
      411	         5948 	
      412	         6220 	
      413	         6285 	
      414	         6163 	
      415	         6153 	
      416	         6193 	
      417	         6171 	
      418	         6220 	
      419	         6254 	
      420	         6141 	
      421	         6243 	
      422	         6019 	
      423	         5936 	
      424	         6076 	
      425	         6138 	
      426	         6073 	
      427	         5991 	
      428	         6038 	
      429	         5943 	
      430	         5914 	
      431	         5917 	
      432	         5906 	
      433	         6082 	
      434	         6042 	
      435	         6115 	
      436	         6218 	
      437	         6107 	
      438	         5844 	
      439	         5881 	
      440	         5759 	
      441	         5906 	
      442	         5952 	
      443	         5842 	
      444	         6147 	
      445	         6019 	
      446	         6153 	
      447	         6261 	
      448	         6254 	
      449	         6201 	
      450	         6157 	
      451	         6250 	
      452	         6047 	
      453	         6009 	
      454	         5946 	
      455	         5846 	
      456	         6131 	
      457	         6148 	
      458	         6155 	
      459	         6169 	
      460	         6253 	
      461	         6298 	
      462	         6019 	
      463	         6016 	
      464	         6021 	
      465	         5917 	
      466	         6109 	
      467	         5922 	
      468	         6130 	
      469	         6116 	
      470	         6057 	
      471	         6246 	
      472	         6283 	
      473	         6268 	
      474	         6395 	
      475	         6316 	
      476	         6256 	
      477	         6245 	
      478	         6017 	
      479	         6339 	
      480	         6217 	
      481	         6139 	
      482	         6174 	
      483	         6113 	
      484	         6188 	
      485	         5950 	
      486	         5938 	
      487	         5888 	
      488	         5814 	
      489	         5736 	
      490	         5778 	
      491	         5976 	
      492	         5984 	
      493	         5817 	
      494	         5829 	
      495	         6033 	
      496	         5853 	
      497	         5953 	
      498	         5787 	
      499	         5930 	
      500	         5839 	
      501	         5782 	
      502	         5878 	
      503	         5946 	
      504	         6146 	
      505	         6113 	
      506	         6280 	
