Thorlabs Single Photon Counter Data Export

Date (YYYY-MM-DD):	2018-06-26
Time (HH:MM:SS):	12:57:32
Device Name:	SPCM50A
Serial Number:	M00451789
GUI Revision:	1.0 Build 2
Driver Revision:	1.0.1
Firmware Revision:	1.0.0

Application settings:
Operating Mode:	Free Running Timed Counter
Bin Length [ms]:	100
Time between Bins [ms]:	0.001
Pulse Blind Time [ns]:	0
Trigger Edge:	non-applicable
Array Measurement:	No
Array Measurement Continuously:	non-applicable
Bins per Array:	non-applicable
Active APD Gating:	No
Fan Off:	No

Bin Number 	Counts per Bin 	Remarks
        1	          210 	
        2	          213 	
        3	          218 	
        4	          154 	
        5	          194 	
        6	          181 	
        7	          214 	
        8	          173 	
        9	          200 	
       10	          168 	
       11	          200 	
       12	          173 	
       13	          177 	
       14	          183 	
       15	          218 	
       16	          198 	
       17	          178 	
       18	          175 	
       19	          168 	
       20	          195 	
       21	          218 	
       22	          178 	
       23	          180 	
       24	          209 	
       25	          154 	
       26	          194 	
       27	          170 	
       28	          213 	
       29	          173 	
       30	          220 	
       31	          216 	
       32	          189 	
       33	          204 	
       34	          194 	
       35	          201 	
       36	          190 	
       37	          198 	
       38	          204 	
       39	          193 	
       40	          189 	
       41	          182 	
       42	          197 	
       43	          201 	
       44	          200 	
       45	          192 	
       46	          219 	
       47	          180 	
       48	          192 	
       49	          190 	
       50	          201 	
       51	          194 	
       52	          187 	
       53	          181 	
       54	          206 	
       55	          193 	
       56	          201 	
       57	          207 	
       58	          160 	
       59	          208 	
       60	          175 	
       61	          195 	
       62	          189 	
       63	          185 	
       64	          192 	
       65	          188 	
       66	          207 	
       67	          197 	
       68	          198 	
       69	          205 	
       70	          176 	
       71	          199 	
       72	          176 	
       73	          182 	
       74	          189 	
       75	          169 	
       76	          162 	
       77	          179 	
       78	          196 	
       79	          194 	
       80	          190 	
       81	          191 	
       82	          185 	
       83	          220 	
       84	          222 	
       85	          179 	
       86	          188 	
       87	          214 	
       88	          222 	
       89	          183 	
       90	          197 	
       91	          213 	
       92	          197 	
       93	          173 	
       94	          217 	
       95	          189 	
       96	          202 	
       97	          222 	
       98	          187 	
       99	          186 	
      100	          187 	
      101	          187 	
      102	          188 	
      103	          215 	
      104	          181 	
      105	          218 	
      106	          185 	
      107	          180 	
      108	          197 	
      109	          192 	
      110	          198 	
      111	          180 	
      112	          195 	
      113	          177 	
      114	          180 	
      115	          179 	
      116	          201 	
      117	          225 	
      118	          185 	
      119	          161 	
      120	          161 	
      121	          201 	
      122	          179 	
      123	          193 	
      124	          207 	
      125	          179 	
      126	          179 	
      127	          217 	
      128	          200 	
      129	          184 	
      130	          184 	
      131	          180 	
      132	          216 	
      133	          218 	
      134	          180 	
      135	          205 	
      136	          186 	
      137	          181 	
      138	          191 	
      139	          196 	
      140	          183 	
      141	          205 	
      142	          198 	
      143	          215 	
      144	          169 	
      145	          191 	
      146	          220 	
      147	          176 	
      148	          199 	
      149	          197 	
      150	          187 	
      151	          200 	
      152	          210 	
      153	          193 	
      154	          188 	
      155	          179 	
      156	          186 	
      157	          201 	
      158	          197 	
      159	          201 	
      160	          220 	
      161	          208 	
      162	          209 	
      163	          180 	
      164	          201 	
      165	          211 	
      166	          173 	
      167	          175 	
      168	          194 	
      169	          201 	
      170	          182 	
      171	          190 	
      172	          203 	
      173	          199 	
      174	          189 	
      175	          166 	
      176	          208 	
      177	          178 	
      178	          181 	
      179	          207 	
      180	          189 	
      181	          179 	
      182	          203 	
      183	          183 	
      184	          231 	
      185	          173 	
      186	          186 	
      187	          202 	
      188	          223 	
      189	          185 	
      190	          204 	
      191	          199 	
      192	          199 	
      193	          203 	
      194	          189 	
      195	          181 	
      196	          170 	
      197	          192 	
      198	          203 	
      199	          181 	
      200	          184 	
      201	          170 	
      202	          170 	
      203	          185 	
      204	          214 	
      205	          171 	
      206	          173 	
      207	          200 	
      208	          176 	
      209	          205 	
      210	          205 	
      211	          192 	
      212	          213 	
      213	          186 	
      214	          185 	
      215	          215 	
      216	          157 	
      217	          210 	
      218	          183 	
      219	          192 	
      220	          198 	
      221	          207 	
      222	          182 	
      223	          207 	
      224	          205 	
      225	          177 	
      226	          197 	
      227	          190 	
      228	          161 	
      229	          194 	
      230	          213 	
      231	          195 	
      232	          190 	
      233	          191 	
      234	          198 	
      235	          184 	
      236	          190 	
      237	          176 	
      238	          219 	
      239	          179 	
      240	          173 	
      241	          210 	
      242	          182 	
      243	          197 	
      244	          176 	
      245	          192 	
      246	          202 	
      247	          185 	
      248	          201 	
      249	          169 	
      250	          196 	
      251	          168 	
      252	          161 	
      253	          173 	
      254	          178 	
      255	          192 	
      256	          192 	
      257	          168 	
      258	          187 	
      259	          179 	
      260	          203 	
      261	          190 	
      262	          184 	
      263	          169 	
      264	          180 	
      265	          227 	
      266	          178 	
      267	          198 	
      268	          176 	
      269	          205 	
      270	          184 	
      271	          224 	
      272	          184 	
      273	          161 	
      274	          185 	
      275	          177 	
      276	          168 	
      277	          163 	
      278	          208 	
      279	          179 	
      280	          225 	
      281	          215 	
      282	          213 	
      283	          180 	
      284	          209 	
      285	          183 	
      286	          183 	
      287	          197 	
      288	          212 	
      289	          167 	
      290	          192 	
      291	          194 	
      292	          204 	
      293	          193 	
      294	          201 	
      295	          194 	
      296	          182 	
      297	          184 	
      298	          214 	
      299	          206 	
      300	          175 	
      301	          213 	
      302	          203 	
      303	          199 	
      304	          199 	
      305	          188 	
      306	          190 	
      307	          192 	
      308	          186 	
      309	          198 	
      310	          187 	
      311	          223 	
      312	          177 	
      313	          188 	
      314	          197 	
      315	          179 	
      316	          197 	
      317	          182 	
      318	          206 	
      319	          191 	
      320	          206 	
      321	          226 	
      322	          197 	
      323	          204 	
      324	          174 	
      325	          195 	
      326	          193 	
      327	          173 	
      328	          196 	
      329	          211 	
      330	          185 	
      331	          184 	
      332	          187 	
      333	          175 	
      334	          187 	
      335	          166 	
      336	          221 	
      337	          185 	
      338	          185 	
      339	          179 	
      340	          185 	
      341	          180 	
      342	          183 	
      343	          246 	
      344	          148 	
      345	          204 	
      346	          175 	
      347	          189 	
      348	          202 	
      349	          176 	
      350	          207 	
      351	          211 	
      352	          183 	
      353	          191 	
      354	          216 	
      355	          200 	
      356	          199 	
      357	          149 	
      358	          214 	
      359	          175 	
      360	          201 	
      361	          193 	
      362	          202 	
      363	          152 	
      364	          180 	
      365	          166 	
      366	          175 	
      367	          172 	
      368	          203 	
      369	          208 	
      370	          187 	
      371	          181 	
      372	          167 	
      373	          195 	
      374	          182 	
      375	          190 	
      376	          190 	
      377	          188 	
      378	          196 	
      379	          175 	
      380	          194 	
      381	          198 	
      382	          210 	
      383	          184 	
      384	          187 	
      385	          206 	
      386	          205 	
      387	          208 	
      388	          198 	
      389	          185 	
      390	          166 	
      391	          179 	
      392	          199 	
      393	          195 	
      394	          195 	
      395	          196 	
      396	          175 	
      397	          193 	
      398	          183 	
      399	          161 	
      400	          195 	
      401	          171 	
      402	          190 	
      403	          192 	
      404	          203 	
      405	          169 	
      406	          198 	
      407	          183 	
      408	          208 	
      409	          189 	
      410	          201 	
      411	          213 	
      412	          184 	
      413	          208 	
      414	          194 	
      415	          168 	
      416	          204 	
      417	          193 	
      418	          187 	
      419	          195 	
      420	          215 	
      421	          177 	
      422	          201 	
      423	          191 	
      424	          204 	
      425	          175 	
      426	          192 	
      427	          182 	
      428	          181 	
      429	          186 	
      430	          191 	
      431	          216 	
      432	          187 	
      433	          184 	
      434	          216 	
      435	          200 	
      436	          194 	
      437	          202 	
      438	          202 	
      439	          209 	
      440	          189 	
      441	          179 	
      442	          194 	
      443	          194 	
      444	          179 	
      445	          191 	
      446	          207 	
      447	          171 	
      448	          180 	
      449	          220 	
      450	          209 	
      451	          157 	
      452	          191 	
      453	          178 	
      454	          203 	
      455	          206 	
      456	          179 	
      457	          182 	
      458	          174 	
      459	          186 	
      460	          166 	
      461	          194 	
      462	          163 	
      463	          212 	
      464	          204 	
      465	          172 	
      466	          179 	
      467	          214 	
      468	          190 	
      469	          184 	
      470	          178 	
      471	          182 	
      472	          173 	
      473	          181 	
      474	          213 	
      475	          201 	
      476	          203 	
      477	          190 	
      478	          189 	
      479	          183 	
      480	          167 	
      481	          191 	
      482	          213 	
      483	          185 	
      484	          179 	
      485	          212 	
      486	          188 	
      487	          184 	
      488	          167 	
      489	          189 	
      490	          195 	
      491	          191 	
      492	          204 	
      493	          189 	
      494	          175 	
      495	          173 	
      496	          170 	
      497	          179 	
      498	          180 	
      499	          200 	
      500	          166 	
      501	          190 	
      502	          176 	
      503	          200 	
      504	          174 	
