Thorlabs Single Photon Counter Data Export

Date (YYYY-MM-DD):	2018-07-16
Time (HH:MM:SS):	16:33:18
Device Name:	SPCM50A
Serial Number:	M00451789
GUI Revision:	1.0 Build 2
Driver Revision:	1.0.1
Firmware Revision:	1.0.0

Application settings:
Operating Mode:	Free Running Timed Counter
Bin Length [ms]:	100
Time between Bins [ms]:	0.001
Pulse Blind Time [ns]:	0
Trigger Edge:	non-applicable
Array Measurement:	No
Array Measurement Continuously:	non-applicable
Bins per Array:	non-applicable
Active APD Gating:	No
Fan Off:	No

Bin Number 	Counts per Bin 	Remarks
        1	           51 	
        2	           59 	
        3	           47 	
        4	           58 	
        5	           44 	
        6	           39 	
        7	           54 	
        8	           62 	
        9	           51 	
       10	           33 	
       11	           46 	
       12	           62 	
       13	           56 	
       14	           44 	
       15	           54 	
       16	           36 	
       17	           57 	
       18	           60 	
       19	           63 	
       20	           43 	
       21	           65 	
       22	           47 	
       23	           45 	
       24	           49 	
       25	           45 	
       26	           47 	
       27	           45 	
       28	           52 	
       29	           55 	
       30	           45 	
       31	           50 	
       32	           62 	
       33	           42 	
       34	           48 	
       35	           55 	
       36	           57 	
       37	           52 	
       38	           42 	
       39	           36 	
       40	           64 	
       41	           45 	
       42	           52 	
       43	           51 	
       44	           41 	
       45	           48 	
       46	           54 	
       47	           54 	
       48	           56 	
       49	           50 	
       50	           62 	
       51	           47 	
       52	           53 	
       53	           41 	
       54	           55 	
       55	           40 	
       56	           44 	
       57	           52 	
       58	           55 	
       59	           51 	
       60	           40 	
       61	           53 	
       62	           40 	
       63	           40 	
       64	           66 	
       65	           65 	
       66	           55 	
       67	           55 	
       68	           47 	
       69	           40 	
       70	           57 	
       71	           45 	
       72	           42 	
       73	           51 	
       74	           45 	
       75	           44 	
       76	           59 	
       77	           36 	
       78	           54 	
       79	           48 	
       80	           48 	
       81	           47 	
       82	           45 	
       83	           48 	
       84	           53 	
       85	           48 	
       86	           54 	
       87	           42 	
       88	           49 	
       89	           60 	
       90	           51 	
       91	           48 	
       92	           47 	
       93	           41 	
       94	           50 	
       95	           56 	
       96	           34 	
       97	           69 	
       98	           63 	
       99	           41 	
      100	           61 	
      101	           60 	
      102	           43 	
      103	           54 	
      104	           55 	
      105	           52 	
      106	           54 	
      107	           48 	
      108	           39 	
      109	           50 	
      110	           43 	
      111	           57 	
      112	           53 	
      113	           51 	
      114	           61 	
      115	           26 	
      116	           59 	
      117	           54 	
      118	           48 	
      119	           54 	
      120	           49 	
      121	           44 	
      122	           46 	
      123	           35 	
      124	           62 	
      125	           48 	
      126	           58 	
      127	           45 	
      128	           39 	
      129	           39 	
      130	           39 	
      131	           45 	
      132	           42 	
      133	           53 	
      134	           49 	
      135	           44 	
      136	           47 	
      137	           55 	
      138	           55 	
      139	           61 	
      140	           53 	
      141	           56 	
      142	           46 	
      143	           51 	
      144	           62 	
      145	           66 	
      146	           43 	
      147	           50 	
      148	           43 	
      149	           43 	
      150	           52 	
      151	           45 	
      152	           71 	
      153	           58 	
      154	           45 	
      155	           52 	
      156	           44 	
      157	           54 	
      158	           52 	
      159	           48 	
      160	           48 	
      161	           64 	
      162	           45 	
      163	           54 	
      164	           66 	
      165	           54 	
      166	           46 	
      167	           40 	
      168	           45 	
      169	           48 	
      170	           46 	
      171	           52 	
      172	           41 	
      173	           62 	
      174	           48 	
      175	           43 	
      176	           52 	
      177	           37 	
      178	           47 	
      179	           56 	
      180	           55 	
      181	           66 	
      182	           63 	
      183	           56 	
      184	           56 	
      185	           40 	
      186	           53 	
      187	           43 	
      188	           37 	
      189	           64 	
      190	           55 	
      191	           58 	
      192	           52 	
      193	           57 	
      194	           50 	
      195	           57 	
      196	           51 	
      197	           59 	
      198	           40 	
      199	           42 	
      200	           46 	
      201	           41 	
      202	           58 	
      203	           57 	
      204	           57 	
      205	           45 	
      206	           47 	
      207	           57 	
      208	           51 	
      209	           59 	
      210	           44 	
      211	           50 	
      212	           43 	
      213	           44 	
      214	           54 	
      215	           44 	
      216	           56 	
      217	           43 	
      218	           52 	
      219	           54 	
      220	           44 	
      221	           50 	
      222	           47 	
      223	           47 	
      224	           44 	
      225	           58 	
      226	           70 	
      227	           45 	
      228	           54 	
      229	           47 	
      230	           57 	
      231	           57 	
      232	           54 	
      233	           45 	
      234	           76 	
      235	           50 	
      236	           51 	
      237	           57 	
      238	           51 	
      239	           49 	
      240	           49 	
      241	           47 	
      242	           46 	
      243	           52 	
      244	           55 	
      245	           37 	
      246	           59 	
      247	           50 	
      248	           50 	
      249	           42 	
      250	           41 	
      251	           44 	
      252	           49 	
      253	           50 	
      254	           55 	
      255	           52 	
      256	           37 	
      257	           44 	
      258	           57 	
      259	           47 	
      260	           51 	
      261	           44 	
      262	           52 	
      263	           41 	
      264	           57 	
      265	           44 	
      266	           49 	
      267	           50 	
      268	           39 	
      269	           41 	
      270	           57 	
      271	           54 	
      272	           52 	
      273	           53 	
      274	           63 	
      275	           43 	
      276	           45 	
      277	           55 	
      278	           45 	
      279	           65 	
      280	           46 	
      281	           43 	
      282	           50 	
      283	           53 	
      284	           39 	
      285	           43 	
      286	           49 	
      287	           52 	
      288	           45 	
      289	           55 	
      290	           39 	
      291	           64 	
      292	           55 	
      293	           53 	
      294	           43 	
      295	           43 	
      296	           43 	
      297	           49 	
      298	           41 	
      299	           52 	
      300	           51 	
      301	           57 	
      302	           53 	
      303	           49 	
      304	           45 	
      305	           53 	
      306	           47 	
      307	           47 	
      308	           61 	
      309	           55 	
      310	           61 	
      311	           52 	
      312	           43 	
      313	           56 	
      314	           45 	
      315	           45 	
      316	           56 	
      317	           44 	
      318	           57 	
      319	           56 	
      320	           49 	
      321	           55 	
      322	           48 	
      323	           47 	
      324	           67 	
      325	           50 	
      326	           62 	
      327	           48 	
      328	           57 	
      329	           51 	
      330	           51 	
      331	           59 	
      332	           54 	
      333	           37 	
      334	           40 	
      335	           52 	
      336	           42 	
      337	           46 	
      338	           58 	
      339	           50 	
      340	           66 	
      341	           41 	
      342	           44 	
      343	           56 	
      344	           52 	
      345	           51 	
      346	           45 	
      347	           53 	
      348	           52 	
      349	           45 	
      350	           52 	
      351	           60 	
      352	           53 	
      353	           54 	
      354	           44 	
      355	           52 	
      356	           41 	
      357	           63 	
      358	           44 	
      359	           43 	
      360	           46 	
      361	           52 	
      362	           42 	
      363	           48 	
      364	           51 	
      365	           40 	
      366	           43 	
      367	           47 	
      368	           58 	
      369	           51 	
      370	           57 	
      371	           52 	
      372	           32 	
      373	           56 	
      374	           34 	
      375	           39 	
      376	           44 	
      377	           42 	
      378	           57 	
      379	           53 	
      380	           53 	
      381	           49 	
      382	           53 	
      383	           46 	
      384	           57 	
      385	           49 	
      386	           54 	
      387	           49 	
      388	           54 	
      389	           41 	
      390	           55 	
      391	           54 	
      392	           57 	
      393	           49 	
      394	           46 	
      395	           48 	
      396	           46 	
      397	           54 	
      398	           61 	
      399	           46 	
      400	           59 	
      401	           54 	
      402	           44 	
      403	           44 	
      404	           36 	
      405	           49 	
      406	           50 	
      407	           38 	
      408	           52 	
      409	           46 	
      410	           51 	
      411	           59 	
      412	           59 	
      413	           59 	
      414	           53 	
      415	           45 	
      416	           56 	
      417	           66 	
      418	           60 	
      419	           46 	
      420	           39 	
      421	           56 	
      422	           59 	
      423	           44 	
      424	           49 	
      425	           49 	
      426	           35 	
      427	           55 	
      428	           47 	
      429	           40 	
      430	           47 	
      431	           62 	
      432	           49 	
      433	           48 	
      434	           36 	
      435	           51 	
      436	           54 	
      437	           53 	
      438	           49 	
      439	           61 	
      440	           38 	
      441	           50 	
      442	           44 	
      443	           33 	
      444	           40 	
      445	           44 	
      446	           36 	
      447	           47 	
      448	           56 	
      449	           45 	
      450	           53 	
      451	           48 	
      452	           47 	
      453	           50 	
      454	           60 	
      455	           54 	
      456	           51 	
      457	           38 	
      458	           46 	
      459	           56 	
      460	           57 	
      461	           49 	
      462	           55 	
      463	           51 	
      464	           52 	
      465	           49 	
      466	           44 	
      467	           40 	
      468	           46 	
      469	           43 	
      470	           43 	
      471	           55 	
      472	           51 	
      473	           52 	
      474	           53 	
      475	           45 	
      476	           66 	
      477	           45 	
      478	           64 	
      479	           51 	
      480	           70 	
      481	           35 	
      482	           43 	
      483	           48 	
      484	           60 	
      485	           47 	
      486	           53 	
      487	           59 	
      488	           41 	
      489	           57 	
      490	           58 	
      491	           40 	
      492	           55 	
      493	           48 	
      494	           56 	
      495	           59 	
      496	           55 	
      497	           50 	
      498	           39 	
      499	           45 	
      500	           52 	
      501	           55 	
      502	           50 	
      503	           61 	
      504	           63 	
      505	           47 	
      506	           39 	
      507	           44 	
      508	           39 	
      509	           54 	
      510	           49 	
      511	           55 	
