Thorlabs Single Photon Counter Data Export

Date (YYYY-MM-DD):	2018-06-26
Time (HH:MM:SS):	14:00:36
Device Name:	SPCM50A
Serial Number:	M00451789
GUI Revision:	1.0 Build 2
Driver Revision:	1.0.1
Firmware Revision:	1.0.0

Application settings:
Operating Mode:	Free Running Timed Counter
Bin Length [ms]:	100
Time between Bins [ms]:	0.001
Pulse Blind Time [ns]:	0
Trigger Edge:	non-applicable
Array Measurement:	No
Array Measurement Continuously:	non-applicable
Bins per Array:	non-applicable
Active APD Gating:	No
Fan Off:	No

Bin Number 	Counts per Bin 	Remarks
        1	          344 	
        2	          365 	
        3	          357 	
        4	          380 	
        5	          376 	
        6	          358 	
        7	          354 	
        8	          330 	
        9	          389 	
       10	          347 	
       11	          407 	
       12	          338 	
       13	          358 	
       14	          356 	
       15	          365 	
       16	          362 	
       17	          353 	
       18	          374 	
       19	          369 	
       20	          369 	
       21	          348 	
       22	          383 	
       23	          363 	
       24	          382 	
       25	          348 	
       26	          388 	
       27	          326 	
       28	          363 	
       29	          339 	
       30	          365 	
       31	          387 	
       32	          381 	
       33	          346 	
       34	          334 	
       35	          345 	
       36	          357 	
       37	          348 	
       38	          335 	
       39	          363 	
       40	          355 	
       41	          369 	
       42	          326 	
       43	          391 	
       44	          385 	
       45	          378 	
       46	          397 	
       47	          332 	
       48	          329 	
       49	          379 	
       50	          373 	
       51	          392 	
       52	          391 	
       53	          340 	
       54	          367 	
       55	          403 	
       56	          359 	
       57	          354 	
       58	          349 	
       59	          369 	
       60	          352 	
       61	          349 	
       62	          336 	
       63	          348 	
       64	          355 	
       65	          379 	
       66	          346 	
       67	          318 	
       68	          366 	
       69	          362 	
       70	          334 	
       71	          340 	
       72	          401 	
       73	          347 	
       74	          360 	
       75	          359 	
       76	          367 	
       77	          356 	
       78	          350 	
       79	          367 	
       80	          380 	
       81	          349 	
       82	          359 	
       83	          354 	
       84	          371 	
       85	          376 	
       86	          326 	
       87	          363 	
       88	          355 	
       89	          365 	
       90	          354 	
       91	          374 	
       92	          346 	
       93	          352 	
       94	          347 	
       95	          405 	
       96	          369 	
       97	          346 	
       98	          382 	
       99	          397 	
      100	          374 	
      101	          358 	
      102	          366 	
      103	          369 	
      104	          357 	
      105	          381 	
      106	          375 	
      107	          348 	
      108	          358 	
      109	          369 	
      110	          351 	
      111	          343 	
      112	          368 	
      113	          355 	
      114	          332 	
      115	          338 	
      116	          374 	
      117	          332 	
      118	          343 	
      119	          366 	
      120	          382 	
      121	          311 	
      122	          352 	
      123	          361 	
      124	          345 	
      125	          389 	
      126	          354 	
      127	          317 	
      128	          385 	
      129	          361 	
      130	          351 	
      131	          392 	
      132	          388 	
      133	          394 	
      134	          371 	
      135	          362 	
      136	          323 	
      137	          359 	
      138	          359 	
      139	          387 	
      140	          363 	
      141	          371 	
      142	          370 	
      143	          377 	
      144	          359 	
      145	          343 	
      146	          339 	
      147	          307 	
      148	          351 	
      149	          375 	
      150	          380 	
      151	          379 	
      152	          387 	
      153	          348 	
      154	          353 	
      155	          370 	
      156	          354 	
      157	          366 	
      158	          333 	
      159	          354 	
      160	          339 	
      161	          369 	
      162	          348 	
      163	          377 	
      164	          379 	
      165	          358 	
      166	          385 	
      167	          311 	
      168	          387 	
      169	          362 	
      170	          363 	
      171	          365 	
      172	          392 	
      173	          348 	
      174	          390 	
      175	          318 	
      176	          364 	
      177	          368 	
      178	          346 	
      179	          365 	
      180	          351 	
      181	          344 	
      182	          384 	
      183	          319 	
      184	          340 	
      185	          322 	
      186	          352 	
      187	          352 	
      188	          332 	
      189	          398 	
      190	          362 	
      191	          335 	
      192	          362 	
      193	          342 	
      194	          364 	
      195	          346 	
      196	          378 	
      197	          394 	
      198	          364 	
      199	          367 	
      200	          382 	
      201	          394 	
      202	          394 	
      203	          390 	
      204	          397 	
      205	          390 	
      206	          384 	
      207	          381 	
      208	          384 	
      209	          388 	
      210	          382 	
      211	          377 	
      212	          335 	
      213	          337 	
      214	          389 	
      215	          358 	
      216	          374 	
      217	          357 	
      218	          358 	
      219	          385 	
      220	          364 	
      221	          369 	
      222	          322 	
      223	          364 	
      224	          342 	
      225	          342 	
      226	          348 	
      227	          361 	
      228	          338 	
      229	          322 	
      230	          358 	
      231	          363 	
      232	          342 	
      233	          358 	
      234	          355 	
      235	          370 	
      236	          350 	
      237	          367 	
      238	          370 	
      239	          358 	
      240	          378 	
      241	          390 	
      242	          374 	
      243	          340 	
      244	          323 	
      245	          338 	
      246	          334 	
      247	          358 	
      248	          359 	
      249	          358 	
      250	          352 	
      251	          351 	
      252	          370 	
      253	          347 	
      254	          372 	
      255	          346 	
      256	          367 	
      257	          349 	
      258	          359 	
      259	          387 	
      260	          371 	
      261	          350 	
      262	          357 	
      263	          351 	
      264	          384 	
      265	          399 	
      266	          404 	
      267	          363 	
      268	          380 	
      269	          355 	
      270	          336 	
      271	          394 	
      272	          332 	
      273	          373 	
      274	          350 	
      275	          365 	
      276	          374 	
      277	          364 	
      278	          356 	
      279	          361 	
      280	          351 	
      281	          340 	
      282	          346 	
      283	          361 	
      284	          359 	
      285	          327 	
      286	          365 	
      287	          374 	
      288	          353 	
      289	          351 	
      290	          344 	
      291	          395 	
      292	          383 	
      293	          368 	
      294	          366 	
      295	          377 	
      296	          357 	
      297	          352 	
      298	          373 	
      299	          369 	
      300	          356 	
      301	          339 	
      302	          369 	
      303	          390 	
      304	          360 	
      305	          342 	
      306	          312 	
      307	          348 	
      308	          361 	
      309	          377 	
      310	          382 	
      311	          335 	
      312	          360 	
      313	          373 	
      314	          369 	
      315	          367 	
      316	          369 	
      317	          358 	
      318	          345 	
      319	          347 	
      320	          357 	
      321	          350 	
      322	          345 	
      323	          329 	
      324	          363 	
      325	          343 	
      326	          337 	
      327	          351 	
      328	          342 	
      329	          351 	
      330	          355 	
      331	          350 	
      332	          322 	
      333	          346 	
      334	          353 	
      335	          356 	
      336	          333 	
      337	          368 	
      338	          345 	
      339	          345 	
      340	          370 	
      341	          347 	
      342	          333 	
      343	          349 	
      344	          362 	
      345	          369 	
      346	          361 	
      347	          344 	
      348	          396 	
      349	          354 	
      350	          348 	
      351	          366 	
      352	          350 	
      353	          352 	
      354	          336 	
      355	          345 	
      356	          360 	
      357	          352 	
      358	          354 	
      359	          345 	
      360	          359 	
      361	          348 	
      362	          368 	
      363	          375 	
      364	          336 	
      365	          344 	
      366	          360 	
      367	          378 	
      368	          387 	
      369	          361 	
      370	          401 	
      371	          365 	
      372	          350 	
      373	          382 	
      374	          372 	
      375	          374 	
      376	          358 	
      377	          397 	
      378	          349 	
      379	          323 	
      380	          357 	
      381	          390 	
      382	          348 	
      383	          353 	
      384	          345 	
      385	          395 	
      386	          391 	
      387	          349 	
      388	          316 	
      389	          351 	
      390	          346 	
      391	          360 	
      392	          325 	
      393	          351 	
      394	          350 	
      395	          329 	
      396	          347 	
      397	          319 	
      398	          370 	
      399	          413 	
      400	          362 	
      401	          312 	
      402	          342 	
      403	          340 	
      404	          362 	
      405	          310 	
      406	          337 	
      407	          360 	
      408	          361 	
      409	          385 	
      410	          389 	
      411	          384 	
      412	          369 	
      413	          354 	
      414	          389 	
      415	          363 	
      416	          375 	
      417	          373 	
      418	          392 	
      419	          366 	
      420	          375 	
      421	          364 	
      422	          359 	
      423	          300 	
      424	          337 	
      425	          366 	
      426	          326 	
      427	          358 	
      428	          359 	
      429	          360 	
      430	          371 	
      431	          340 	
      432	          370 	
      433	          361 	
      434	          343 	
      435	          374 	
      436	          355 	
      437	          342 	
      438	          345 	
      439	          346 	
      440	          339 	
      441	          374 	
      442	          384 	
      443	          358 	
      444	          347 	
      445	          348 	
      446	          374 	
      447	          350 	
      448	          352 	
      449	          343 	
      450	          382 	
      451	          339 	
      452	          345 	
      453	          348 	
      454	          356 	
      455	          350 	
      456	          356 	
      457	          364 	
      458	          369 	
      459	          355 	
      460	          346 	
      461	          359 	
      462	          347 	
      463	          330 	
      464	          349 	
      465	          370 	
      466	          331 	
      467	          348 	
      468	          356 	
      469	          362 	
      470	          357 	
      471	          374 	
      472	          357 	
      473	          395 	
      474	          393 	
      475	          359 	
      476	          367 	
      477	          340 	
      478	          361 	
      479	          349 	
      480	          324 	
      481	          391 	
      482	          350 	
      483	          392 	
      484	          370 	
      485	          344 	
      486	          334 	
      487	          351 	
      488	          367 	
      489	          357 	
      490	          341 	
      491	          355 	
      492	          345 	
      493	          363 	
      494	          363 	
      495	          369 	
      496	          379 	
      497	          344 	
      498	          397 	
      499	          334 	
      500	          378 	
      501	          367 	
      502	          379 	
      503	          359 	
      504	          363 	
      505	          337 	
