Thorlabs Single Photon Counter Data Export

Date (YYYY-MM-DD):	2018-06-26
Time (HH:MM:SS):	14:06:10
Device Name:	SPCM50A
Serial Number:	M00451789
GUI Revision:	1.0 Build 2
Driver Revision:	1.0.1
Firmware Revision:	1.0.0

Application settings:
Operating Mode:	Free Running Timed Counter
Bin Length [ms]:	100
Time between Bins [ms]:	0.001
Pulse Blind Time [ns]:	0
Trigger Edge:	non-applicable
Array Measurement:	No
Array Measurement Continuously:	non-applicable
Bins per Array:	non-applicable
Active APD Gating:	No
Fan Off:	No

Bin Number 	Counts per Bin 	Remarks
        1	          280 	
        2	          273 	
        3	          257 	
        4	          262 	
        5	          279 	
        6	          257 	
        7	          284 	
        8	          289 	
        9	          291 	
       10	          271 	
       11	          259 	
       12	          297 	
       13	          284 	
       14	          274 	
       15	          264 	
       16	          260 	
       17	          272 	
       18	          240 	
       19	          270 	
       20	          261 	
       21	          284 	
       22	          262 	
       23	          270 	
       24	          302 	
       25	          264 	
       26	          292 	
       27	          298 	
       28	          268 	
       29	          259 	
       30	          271 	
       31	          303 	
       32	          259 	
       33	          271 	
       34	          258 	
       35	          269 	
       36	          267 	
       37	          266 	
       38	          310 	
       39	          266 	
       40	          276 	
       41	          284 	
       42	          264 	
       43	          282 	
       44	          254 	
       45	          286 	
       46	          258 	
       47	          278 	
       48	          287 	
       49	          259 	
       50	          272 	
       51	          269 	
       52	          270 	
       53	          277 	
       54	          252 	
       55	          297 	
       56	          261 	
       57	          283 	
       58	          273 	
       59	          262 	
       60	          261 	
       61	          274 	
       62	          282 	
       63	          255 	
       64	          279 	
       65	          317 	
       66	          269 	
       67	          273 	
       68	          257 	
       69	          250 	
       70	          271 	
       71	          252 	
       72	          259 	
       73	          266 	
       74	          279 	
       75	          228 	
       76	          265 	
       77	          278 	
       78	          285 	
       79	          260 	
       80	          256 	
       81	          262 	
       82	          248 	
       83	          241 	
       84	          263 	
       85	          259 	
       86	          257 	
       87	          239 	
       88	          269 	
       89	          261 	
       90	          268 	
       91	          271 	
       92	          278 	
       93	          216 	
       94	          276 	
       95	          265 	
       96	          279 	
       97	          260 	
       98	          287 	
       99	          263 	
      100	          280 	
      101	          301 	
      102	          260 	
      103	          238 	
      104	          254 	
      105	          288 	
      106	          271 	
      107	          272 	
      108	          282 	
      109	          233 	
      110	          274 	
      111	          281 	
      112	          262 	
      113	          271 	
      114	          277 	
      115	          270 	
      116	          259 	
      117	          258 	
      118	          280 	
      119	          279 	
      120	          305 	
      121	          274 	
      122	          271 	
      123	          276 	
      124	          271 	
      125	          270 	
      126	          266 	
      127	          281 	
      128	          282 	
      129	          235 	
      130	          254 	
      131	          279 	
      132	          295 	
      133	          287 	
      134	          272 	
      135	          269 	
      136	          280 	
      137	          280 	
      138	          272 	
      139	          297 	
      140	          277 	
      141	          257 	
      142	          270 	
      143	          270 	
      144	          280 	
      145	          274 	
      146	          233 	
      147	          272 	
      148	          286 	
      149	          260 	
      150	          249 	
      151	          286 	
      152	          272 	
      153	          295 	
      154	          299 	
      155	          265 	
      156	          288 	
      157	          284 	
      158	          311 	
      159	          257 	
      160	          277 	
      161	          272 	
      162	          264 	
      163	          288 	
      164	          296 	
      165	          279 	
      166	          265 	
      167	          258 	
      168	          290 	
      169	          271 	
      170	          277 	
      171	          272 	
      172	          280 	
      173	          285 	
      174	          259 	
      175	          289 	
      176	          285 	
      177	          285 	
      178	          255 	
      179	          251 	
      180	          263 	
      181	          271 	
      182	          253 	
      183	          310 	
      184	          312 	
      185	          243 	
      186	          277 	
      187	          259 	
      188	          275 	
      189	          255 	
      190	          286 	
      191	          286 	
      192	          265 	
      193	          266 	
      194	          302 	
      195	          280 	
      196	          276 	
      197	          284 	
      198	          290 	
      199	          270 	
      200	          246 	
      201	          270 	
      202	          281 	
      203	          250 	
      204	          251 	
      205	          290 	
      206	          293 	
      207	          287 	
      208	          260 	
      209	          243 	
      210	          256 	
      211	          283 	
      212	          289 	
      213	          249 	
      214	          280 	
      215	          263 	
      216	          274 	
      217	          272 	
      218	          274 	
      219	          287 	
      220	          291 	
      221	          262 	
      222	          252 	
      223	          269 	
      224	          276 	
      225	          265 	
      226	          270 	
      227	          281 	
      228	          282 	
      229	          254 	
      230	          244 	
      231	          282 	
      232	          241 	
      233	          298 	
      234	          262 	
      235	          243 	
      236	          282 	
      237	          248 	
      238	          273 	
      239	          276 	
      240	          267 	
      241	          281 	
      242	          255 	
      243	          289 	
      244	          258 	
      245	          271 	
      246	          254 	
      247	          297 	
      248	          243 	
      249	          240 	
      250	          266 	
      251	          233 	
      252	          274 	
      253	          291 	
      254	          272 	
      255	          294 	
      256	          288 	
      257	          272 	
      258	          267 	
      259	          265 	
      260	          255 	
      261	          250 	
      262	          237 	
      263	          300 	
      264	          248 	
      265	          249 	
      266	          275 	
      267	          255 	
      268	          244 	
      269	          294 	
      270	          286 	
      271	          260 	
      272	          289 	
      273	          262 	
      274	          294 	
      275	          288 	
      276	          239 	
      277	          252 	
      278	          251 	
      279	          249 	
      280	          275 	
      281	          273 	
      282	          275 	
      283	          275 	
      284	          274 	
      285	          284 	
      286	          292 	
      287	          283 	
      288	          259 	
      289	          251 	
      290	          274 	
      291	          307 	
      292	          269 	
      293	          245 	
      294	          297 	
      295	          287 	
      296	          274 	
      297	          285 	
      298	          289 	
      299	          273 	
      300	          267 	
      301	          263 	
      302	          284 	
      303	          274 	
      304	          306 	
      305	          260 	
      306	          309 	
      307	          271 	
      308	          259 	
      309	          254 	
      310	          270 	
      311	          257 	
      312	          272 	
      313	          246 	
      314	          279 	
      315	          262 	
      316	          281 	
      317	          264 	
      318	          283 	
      319	          256 	
      320	          268 	
      321	          260 	
      322	          252 	
      323	          270 	
      324	          261 	
      325	          255 	
      326	          280 	
      327	          287 	
      328	          260 	
      329	          259 	
      330	          260 	
      331	          273 	
      332	          289 	
      333	          263 	
      334	          237 	
      335	          309 	
      336	          255 	
      337	          280 	
      338	          291 	
      339	          243 	
      340	          264 	
      341	          279 	
      342	          287 	
      343	          264 	
      344	          281 	
      345	          287 	
      346	          268 	
      347	          264 	
      348	          311 	
      349	          280 	
      350	          277 	
      351	          302 	
      352	          258 	
      353	          251 	
      354	          291 	
      355	          256 	
      356	          258 	
      357	          258 	
      358	          277 	
      359	          287 	
      360	          277 	
      361	          254 	
      362	          285 	
      363	          258 	
      364	          282 	
      365	          269 	
      366	          294 	
      367	          280 	
      368	          280 	
      369	          253 	
      370	          256 	
      371	          271 	
      372	          273 	
      373	          286 	
      374	          285 	
      375	          279 	
      376	          288 	
      377	          261 	
      378	          259 	
      379	          272 	
      380	          307 	
      381	          247 	
      382	          250 	
      383	          262 	
      384	          262 	
      385	          300 	
      386	          300 	
      387	          284 	
      388	          280 	
      389	          275 	
      390	          260 	
      391	          256 	
      392	          261 	
      393	          266 	
      394	          253 	
      395	          241 	
      396	          287 	
      397	          287 	
      398	          281 	
      399	          243 	
      400	          254 	
      401	          294 	
      402	          254 	
      403	          261 	
      404	          250 	
      405	          258 	
      406	          246 	
      407	          262 	
      408	          273 	
      409	          273 	
      410	          276 	
      411	          258 	
      412	          262 	
      413	          269 	
      414	          290 	
      415	          261 	
      416	          255 	
      417	          273 	
      418	          267 	
      419	          276 	
      420	          240 	
      421	          279 	
      422	          263 	
      423	          256 	
      424	          294 	
      425	          248 	
      426	          267 	
      427	          262 	
      428	          296 	
      429	          249 	
      430	          273 	
      431	          261 	
      432	          292 	
      433	          254 	
      434	          286 	
      435	          255 	
      436	          273 	
      437	          245 	
      438	          259 	
      439	          269 	
      440	          250 	
      441	          269 	
      442	          280 	
      443	          280 	
      444	          282 	
      445	          281 	
      446	          327 	
      447	          275 	
      448	          273 	
      449	          309 	
      450	          275 	
      451	          262 	
      452	          280 	
      453	          264 	
      454	          258 	
      455	          273 	
      456	          247 	
      457	          248 	
      458	          241 	
      459	          261 	
      460	          287 	
      461	          249 	
      462	          265 	
      463	          302 	
      464	          221 	
      465	          241 	
      466	          270 	
      467	          252 	
      468	          273 	
      469	          255 	
      470	          276 	
      471	          258 	
      472	          265 	
      473	          257 	
      474	          266 	
      475	          265 	
      476	          287 	
      477	          249 	
      478	          258 	
      479	          273 	
      480	          254 	
      481	          237 	
      482	          287 	
      483	          239 	
      484	          246 	
      485	          263 	
      486	          286 	
      487	          243 	
      488	          251 	
      489	          262 	
      490	          253 	
      491	          276 	
      492	          266 	
      493	          284 	
      494	          272 	
      495	          295 	
      496	          284 	
      497	          267 	
      498	          278 	
      499	          245 	
      500	          279 	
      501	          250 	
      502	          252 	
      503	          304 	
      504	          257 	
