Thorlabs Single Photon Counter Data Export

Date (YYYY-MM-DD):	2018-06-28
Time (HH:MM:SS):	12:59:55
Device Name:	SPCM50A
Serial Number:	M00451789
GUI Revision:	1.0 Build 2
Driver Revision:	1.0.1
Firmware Revision:	1.0.0

Application settings:
Operating Mode:	Free Running Timed Counter
Bin Length [ms]:	100
Time between Bins [ms]:	0.001
Pulse Blind Time [ns]:	0
Trigger Edge:	non-applicable
Array Measurement:	No
Array Measurement Continuously:	non-applicable
Bins per Array:	non-applicable
Active APD Gating:	No
Fan Off:	No

Bin Number 	Counts per Bin 	Remarks
        1	           57 	
        2	           65 	
        3	           51 	
        4	           51 	
        5	           58 	
        6	           55 	
        7	           66 	
        8	           72 	
        9	           59 	
       10	           67 	
       11	           65 	
       12	           56 	
       13	           50 	
       14	           66 	
       15	           51 	
       16	           43 	
       17	           62 	
       18	           51 	
       19	           49 	
       20	           53 	
       21	           58 	
       22	           62 	
       23	           68 	
       24	           55 	
       25	           62 	
       26	           64 	
       27	           69 	
       28	           53 	
       29	           63 	
       30	           42 	
       31	           65 	
       32	           69 	
       33	           63 	
       34	           67 	
       35	           67 	
       36	           79 	
       37	           57 	
       38	           58 	
       39	           38 	
       40	           77 	
       41	           54 	
       42	           54 	
       43	           53 	
       44	           78 	
       45	           48 	
       46	           62 	
       47	           54 	
       48	           55 	
       49	           49 	
       50	           61 	
       51	           47 	
       52	           68 	
       53	           61 	
       54	           53 	
       55	           65 	
       56	           65 	
       57	           54 	
       58	           59 	
       59	           67 	
       60	           56 	
       61	           38 	
       62	           73 	
       63	           73 	
       64	           62 	
       65	           63 	
       66	           69 	
       67	           50 	
       68	           61 	
       69	           48 	
       70	           59 	
       71	           65 	
       72	           53 	
       73	           59 	
       74	           58 	
       75	           73 	
       76	           59 	
       77	           76 	
       78	           56 	
       79	           59 	
       80	           70 	
       81	           64 	
       82	           57 	
       83	           59 	
       84	           66 	
       85	           49 	
       86	           59 	
       87	           57 	
       88	           75 	
       89	           58 	
       90	           63 	
       91	           72 	
       92	           37 	
       93	           58 	
       94	           60 	
       95	           66 	
       96	           56 	
       97	           60 	
       98	           55 	
       99	           57 	
      100	           54 	
      101	           59 	
      102	           57 	
      103	           57 	
      104	           51 	
      105	           46 	
      106	           72 	
      107	           47 	
      108	           42 	
      109	           62 	
      110	           46 	
      111	           55 	
      112	           52 	
      113	           67 	
      114	           58 	
      115	           57 	
      116	           64 	
      117	           69 	
      118	           56 	
      119	           68 	
      120	           54 	
      121	           50 	
      122	           53 	
      123	           62 	
      124	           69 	
      125	           49 	
      126	           65 	
      127	           46 	
      128	           63 	
      129	           69 	
      130	           60 	
      131	           68 	
      132	           59 	
      133	           49 	
      134	           53 	
      135	           60 	
      136	           55 	
      137	           59 	
      138	           60 	
      139	           55 	
      140	           46 	
      141	           58 	
      142	           63 	
      143	           57 	
      144	           60 	
      145	           64 	
      146	           61 	
      147	           52 	
      148	           65 	
      149	           62 	
      150	           80 	
      151	           55 	
      152	           57 	
      153	           65 	
      154	           55 	
      155	           64 	
      156	           68 	
      157	           53 	
      158	           62 	
      159	           62 	
      160	           59 	
      161	           54 	
      162	           62 	
      163	           60 	
      164	           40 	
      165	           61 	
      166	           66 	
      167	           60 	
      168	           64 	
      169	           59 	
      170	           61 	
      171	           62 	
      172	           67 	
      173	           78 	
      174	           45 	
      175	           54 	
      176	           66 	
      177	           55 	
      178	           57 	
      179	           64 	
      180	           47 	
      181	           54 	
      182	           64 	
      183	           47 	
      184	           64 	
      185	           42 	
      186	           75 	
      187	           65 	
      188	           63 	
      189	           63 	
      190	           56 	
      191	           69 	
      192	           58 	
      193	           50 	
      194	           43 	
      195	           56 	
      196	           68 	
      197	           56 	
      198	           53 	
      199	           58 	
      200	           47 	
      201	           47 	
      202	           59 	
      203	           48 	
      204	           59 	
      205	           54 	
      206	           60 	
      207	           54 	
      208	           54 	
      209	           55 	
      210	           73 	
      211	           42 	
      212	           60 	
      213	           70 	
      214	           40 	
      215	           69 	
      216	           47 	
      217	           53 	
      218	           50 	
      219	           55 	
      220	           54 	
      221	           54 	
      222	           65 	
      223	           41 	
      224	           53 	
      225	           78 	
      226	           63 	
      227	           59 	
      228	           58 	
      229	           63 	
      230	           76 	
      231	           56 	
      232	           70 	
      233	           60 	
      234	           60 	
      235	           61 	
      236	           46 	
      237	           43 	
      238	           63 	
      239	           80 	
      240	           51 	
      241	           40 	
      242	           58 	
      243	           49 	
      244	           51 	
      245	           55 	
      246	           58 	
      247	           72 	
      248	           63 	
      249	           46 	
      250	           60 	
      251	           62 	
      252	           65 	
      253	           50 	
      254	           55 	
      255	           63 	
      256	           53 	
      257	           59 	
      258	           61 	
      259	           56 	
      260	           62 	
      261	           65 	
      262	           58 	
      263	           61 	
      264	           67 	
      265	           50 	
      266	           59 	
      267	           59 	
      268	           70 	
      269	           46 	
      270	           44 	
      271	           54 	
      272	           49 	
      273	           63 	
      274	           49 	
      275	           52 	
      276	           58 	
      277	           56 	
      278	           54 	
      279	           55 	
      280	           56 	
      281	           62 	
      282	           46 	
      283	           45 	
      284	           58 	
      285	           49 	
      286	           69 	
      287	           66 	
      288	           51 	
      289	           58 	
      290	           61 	
      291	           58 	
      292	           53 	
      293	           42 	
      294	           50 	
      295	           54 	
      296	           58 	
      297	           56 	
      298	           58 	
      299	           64 	
      300	           47 	
      301	           70 	
      302	           55 	
      303	           50 	
      304	           68 	
      305	           62 	
      306	           60 	
      307	           62 	
      308	           59 	
      309	           68 	
      310	           65 	
      311	           62 	
      312	           49 	
      313	           54 	
      314	           60 	
      315	           61 	
      316	           62 	
      317	           72 	
      318	           68 	
      319	           45 	
      320	           62 	
      321	           59 	
      322	           61 	
      323	           73 	
      324	           65 	
      325	           58 	
      326	           66 	
      327	           43 	
      328	           61 	
      329	           50 	
      330	           64 	
      331	           55 	
      332	           57 	
      333	           61 	
      334	           46 	
      335	           64 	
      336	           65 	
      337	           53 	
      338	           61 	
      339	           54 	
      340	           61 	
      341	           58 	
      342	           71 	
      343	           49 	
      344	           54 	
      345	           55 	
      346	           42 	
      347	           48 	
      348	           73 	
      349	           65 	
      350	           50 	
      351	           81 	
      352	           59 	
      353	           59 	
      354	           67 	
      355	           60 	
      356	           52 	
      357	           66 	
      358	           70 	
      359	           58 	
      360	           59 	
      361	           66 	
      362	           59 	
      363	           46 	
      364	           53 	
      365	           61 	
      366	           64 	
      367	           58 	
      368	           50 	
      369	           57 	
      370	           58 	
      371	           58 	
      372	           59 	
      373	           60 	
      374	           39 	
      375	           63 	
      376	           57 	
      377	           62 	
      378	           48 	
      379	           65 	
      380	           60 	
      381	           52 	
      382	           53 	
      383	           57 	
      384	           46 	
      385	           56 	
      386	           72 	
      387	           63 	
      388	           57 	
      389	           52 	
      390	           46 	
      391	           55 	
      392	           53 	
      393	           64 	
      394	           44 	
      395	           68 	
      396	           49 	
      397	           67 	
      398	           61 	
      399	           63 	
      400	           61 	
      401	           48 	
      402	           68 	
      403	           54 	
      404	           52 	
      405	           58 	
      406	           55 	
      407	           55 	
      408	           56 	
      409	           67 	
      410	           63 	
      411	           53 	
      412	           61 	
      413	           50 	
      414	           57 	
      415	           64 	
      416	           48 	
      417	           71 	
      418	           47 	
      419	           49 	
      420	           59 	
      421	           61 	
      422	           56 	
      423	           64 	
      424	           52 	
      425	           49 	
      426	           67 	
      427	           52 	
      428	           55 	
      429	           58 	
      430	           50 	
      431	           59 	
      432	           51 	
      433	           48 	
      434	           42 	
      435	           58 	
      436	           52 	
      437	           61 	
      438	           58 	
      439	           51 	
      440	           61 	
      441	           44 	
      442	           51 	
      443	           63 	
      444	           64 	
      445	           55 	
      446	           42 	
      447	           58 	
      448	           48 	
      449	           54 	
      450	           43 	
      451	           43 	
      452	           46 	
      453	           53 	
      454	           49 	
      455	           51 	
      456	           50 	
      457	           61 	
      458	           53 	
      459	           56 	
      460	           76 	
      461	           57 	
      462	           59 	
      463	           66 	
      464	           48 	
      465	           52 	
      466	           50 	
      467	           54 	
      468	           49 	
      469	           51 	
      470	           45 	
      471	           60 	
      472	           56 	
      473	           60 	
      474	           53 	
      475	           65 	
      476	           63 	
      477	           58 	
      478	           50 	
      479	           58 	
      480	           71 	
      481	           60 	
      482	           64 	
      483	           64 	
      484	           65 	
      485	           69 	
      486	           43 	
      487	           59 	
      488	           65 	
      489	           52 	
      490	           49 	
      491	           72 	
      492	           46 	
      493	           43 	
      494	           40 	
      495	           55 	
      496	           60 	
      497	           51 	
      498	           59 	
      499	           57 	
      500	           57 	
      501	           64 	
      502	           61 	
      503	           66 	
      504	           50 	
      505	           63 	
      506	           57 	
      507	           49 	
      508	           65 	
      509	           58 	
      510	           52 	
      511	           58 	
      512	           56 	
