Thorlabs Single Photon Counter Data Export

Date (YYYY-MM-DD):	2018-07-13
Time (HH:MM:SS):	13:28:14
Device Name:	SPCM50A
Serial Number:	M00451789
GUI Revision:	1.0 Build 2
Driver Revision:	1.0.1
Firmware Revision:	1.0.0

Application settings:
Operating Mode:	Free Running Timed Counter
Bin Length [ms]:	100
Time between Bins [ms]:	0.001
Pulse Blind Time [ns]:	0
Trigger Edge:	non-applicable
Array Measurement:	No
Array Measurement Continuously:	non-applicable
Bins per Array:	non-applicable
Active APD Gating:	No
Fan Off:	No

Bin Number 	Counts per Bin 	Remarks
        1	          413 	
        2	          435 	
        3	          418 	
        4	          428 	
        5	          414 	
        6	          404 	
        7	          394 	
        8	          449 	
        9	          438 	
       10	          415 	
       11	          412 	
       12	          450 	
       13	          425 	
       14	          439 	
       15	          456 	
       16	          464 	
       17	          453 	
       18	          433 	
       19	          427 	
       20	          388 	
       21	          412 	
       22	          394 	
       23	          433 	
       24	          446 	
       25	          443 	
       26	          441 	
       27	          447 	
       28	          407 	
       29	          440 	
       30	          442 	
       31	          449 	
       32	          460 	
       33	          453 	
       34	          440 	
       35	          438 	
       36	          464 	
       37	          415 	
       38	          422 	
       39	          471 	
       40	          454 	
       41	          426 	
       42	          461 	
       43	          437 	
       44	          452 	
       45	          436 	
       46	          439 	
       47	          442 	
       48	          461 	
       49	          480 	
       50	          423 	
       51	          442 	
       52	          425 	
       53	          439 	
       54	          429 	
       55	          434 	
       56	          444 	
       57	          448 	
       58	          426 	
       59	          430 	
       60	          462 	
       61	          429 	
       62	          423 	
       63	          504 	
       64	          476 	
       65	          465 	
       66	          481 	
       67	          411 	
       68	          439 	
       69	          418 	
       70	          442 	
       71	          404 	
       72	          404 	
       73	          450 	
       74	          443 	
       75	          440 	
       76	          487 	
       77	          451 	
       78	          439 	
       79	          429 	
       80	          461 	
       81	          430 	
       82	          434 	
       83	          458 	
       84	          441 	
       85	          399 	
       86	          434 	
       87	          449 	
       88	          451 	
       89	          456 	
       90	          439 	
       91	          427 	
       92	          470 	
       93	          432 	
       94	          453 	
       95	          407 	
       96	          418 	
       97	          458 	
       98	          445 	
       99	          442 	
      100	          471 	
      101	          449 	
      102	          447 	
      103	          429 	
      104	          437 	
      105	          456 	
      106	          440 	
      107	          454 	
      108	          430 	
      109	          426 	
      110	          437 	
      111	          447 	
      112	          429 	
      113	          413 	
      114	          461 	
      115	          468 	
      116	          458 	
      117	          455 	
      118	          433 	
      119	          449 	
      120	          451 	
      121	          403 	
      122	          444 	
      123	          448 	
      124	          423 	
      125	          416 	
      126	          430 	
      127	          447 	
      128	          427 	
      129	          441 	
      130	          448 	
      131	          452 	
      132	          467 	
      133	          452 	
      134	          450 	
      135	          448 	
      136	          460 	
      137	          460 	
      138	          439 	
      139	          498 	
      140	          459 	
      141	          473 	
      142	          444 	
      143	          466 	
      144	          427 	
      145	          395 	
      146	          392 	
      147	          439 	
      148	          466 	
      149	          423 	
      150	          463 	
      151	          426 	
      152	          439 	
      153	          431 	
      154	          447 	
      155	          462 	
      156	          437 	
      157	          445 	
      158	          421 	
      159	          441 	
      160	          452 	
      161	          413 	
      162	          443 	
      163	          473 	
      164	          431 	
      165	          401 	
      166	          412 	
      167	          447 	
      168	          450 	
      169	          411 	
      170	          472 	
      171	          426 	
      172	          474 	
      173	          439 	
      174	          448 	
      175	          395 	
      176	          457 	
      177	          451 	
      178	          451 	
      179	          472 	
      180	          454 	
      181	          480 	
      182	          446 	
      183	          418 	
      184	          463 	
      185	          441 	
      186	          425 	
      187	          436 	
      188	          447 	
      189	          463 	
      190	          443 	
      191	          446 	
      192	          413 	
      193	          451 	
      194	          469 	
      195	          438 	
      196	          498 	
      197	          469 	
      198	          470 	
      199	          473 	
      200	          430 	
      201	          441 	
      202	          468 	
      203	          447 	
      204	          443 	
      205	          455 	
      206	          456 	
      207	          464 	
      208	          446 	
      209	          458 	
      210	          412 	
      211	          469 	
      212	          452 	
      213	          395 	
      214	          459 	
      215	          409 	
      216	          423 	
      217	          440 	
      218	          411 	
      219	          451 	
      220	          443 	
      221	          436 	
      222	          426 	
      223	          422 	
      224	          452 	
      225	          422 	
      226	          415 	
      227	          447 	
      228	          431 	
      229	          472 	
      230	          454 	
      231	          452 	
      232	          453 	
      233	          460 	
      234	          479 	
      235	          414 	
      236	          483 	
      237	          473 	
      238	          423 	
      239	          452 	
      240	          429 	
      241	          451 	
      242	          432 	
      243	          400 	
      244	          396 	
      245	          443 	
      246	          444 	
      247	          481 	
      248	          460 	
      249	          418 	
      250	          417 	
      251	          440 	
      252	          420 	
      253	          421 	
      254	          433 	
      255	          433 	
      256	          464 	
      257	          447 	
      258	          432 	
      259	          443 	
      260	          436 	
      261	          433 	
      262	          459 	
      263	          419 	
      264	          424 	
      265	          397 	
      266	          430 	
      267	          416 	
      268	          460 	
      269	          431 	
      270	          437 	
      271	          460 	
      272	          444 	
      273	          416 	
      274	          444 	
      275	          440 	
      276	          447 	
      277	          448 	
      278	          426 	
      279	          426 	
      280	          437 	
      281	          471 	
      282	          484 	
      283	          477 	
      284	          427 	
      285	          466 	
      286	          445 	
      287	          458 	
      288	          410 	
      289	          435 	
      290	          466 	
      291	          463 	
      292	          455 	
      293	          446 	
      294	          418 	
      295	          483 	
      296	          468 	
      297	          466 	
      298	          446 	
      299	          458 	
      300	          470 	
      301	          437 	
      302	          425 	
      303	          442 	
      304	          464 	
      305	          471 	
      306	          466 	
      307	          432 	
      308	          445 	
      309	          475 	
      310	          470 	
      311	          428 	
      312	          460 	
      313	          392 	
      314	          453 	
      315	          401 	
      316	          426 	
      317	          440 	
      318	          414 	
      319	          440 	
      320	          440 	
      321	          410 	
      322	          460 	
      323	          409 	
      324	          421 	
      325	          453 	
      326	          425 	
      327	          423 	
      328	          453 	
      329	          465 	
      330	          460 	
      331	          457 	
      332	          422 	
      333	          412 	
      334	          448 	
      335	          418 	
      336	          456 	
      337	          436 	
      338	          433 	
      339	          418 	
      340	          459 	
      341	          423 	
      342	          427 	
      343	          438 	
      344	          427 	
      345	          376 	
      346	          421 	
      347	          445 	
      348	          446 	
      349	          431 	
      350	          444 	
      351	          401 	
      352	          467 	
      353	          408 	
      354	          426 	
      355	          441 	
      356	          426 	
      357	          466 	
      358	          465 	
      359	          428 	
      360	          414 	
      361	          444 	
      362	          450 	
      363	          429 	
      364	          476 	
      365	          459 	
      366	          477 	
      367	          421 	
      368	          434 	
      369	          463 	
      370	          495 	
      371	          449 	
      372	          464 	
      373	          426 	
      374	          418 	
      375	          393 	
      376	          459 	
      377	          441 	
      378	          456 	
      379	          422 	
      380	          434 	
      381	          460 	
      382	          479 	
      383	          437 	
      384	          456 	
      385	          455 	
      386	          468 	
      387	          414 	
      388	          468 	
      389	          419 	
      390	          418 	
      391	          416 	
      392	          476 	
      393	          419 	
      394	          427 	
      395	          419 	
      396	          439 	
      397	          453 	
      398	          422 	
      399	          424 	
      400	          437 	
      401	          396 	
      402	          457 	
      403	          427 	
      404	          371 	
      405	          430 	
      406	          397 	
      407	          413 	
      408	          422 	
      409	          441 	
      410	          465 	
      411	          430 	
      412	          413 	
      413	          433 	
      414	          439 	
      415	          454 	
      416	          447 	
      417	          462 	
      418	          460 	
      419	          460 	
      420	          490 	
      421	          481 	
      422	          453 	
      423	          457 	
      424	          431 	
      425	          448 	
      426	          440 	
      427	          452 	
      428	          464 	
      429	          456 	
      430	          471 	
      431	          437 	
      432	          440 	
      433	          448 	
      434	          469 	
      435	          448 	
      436	          432 	
      437	          452 	
      438	          426 	
      439	          443 	
      440	          429 	
      441	          444 	
      442	          441 	
      443	          450 	
      444	          490 	
      445	          447 	
      446	          411 	
      447	          456 	
      448	          469 	
      449	          424 	
      450	          415 	
      451	          430 	
      452	          445 	
      453	          409 	
      454	          470 	
      455	          448 	
      456	          456 	
      457	          409 	
      458	          499 	
      459	          467 	
      460	          418 	
      461	          438 	
      462	          435 	
      463	          436 	
      464	          426 	
      465	          435 	
      466	          425 	
      467	          414 	
      468	          456 	
      469	          436 	
      470	          419 	
      471	          437 	
      472	          398 	
      473	          409 	
      474	          432 	
      475	          427 	
      476	          468 	
      477	          408 	
      478	          429 	
      479	          444 	
      480	          438 	
      481	          404 	
      482	          462 	
      483	          444 	
      484	          389 	
      485	          424 	
      486	          433 	
      487	          473 	
      488	          414 	
      489	          416 	
      490	          445 	
      491	          441 	
      492	          448 	
      493	          462 	
      494	          446 	
      495	          439 	
      496	          464 	
      497	          434 	
      498	          461 	
      499	          396 	
      500	          451 	
      501	          437 	
      502	          491 	
      503	          472 	
      504	          433 	
      505	          413 	
      506	          432 	
      507	          492 	
      508	          448 	
      509	          449 	
      510	          428 	
      511	          421 	
      512	          443 	
      513	          456 	
      514	          432 	
      515	          452 	
      516	          437 	
      517	          426 	
