Thorlabs Single Photon Counter Data Export

Date (YYYY-MM-DD):	2018-07-13
Time (HH:MM:SS):	13:01:01
Device Name:	SPCM50A
Serial Number:	M00451789
GUI Revision:	1.0 Build 2
Driver Revision:	1.0.1
Firmware Revision:	1.0.0

Application settings:
Operating Mode:	Free Running Timed Counter
Bin Length [ms]:	100
Time between Bins [ms]:	0.001
Pulse Blind Time [ns]:	0
Trigger Edge:	non-applicable
Array Measurement:	No
Array Measurement Continuously:	non-applicable
Bins per Array:	non-applicable
Active APD Gating:	No
Fan Off:	No

Bin Number 	Counts per Bin 	Remarks
        1	          346 	
        2	          321 	
        3	          331 	
        4	          284 	
        5	          286 	
        6	          332 	
        7	          312 	
        8	          314 	
        9	          324 	
       10	          326 	
       11	          322 	
       12	          294 	
       13	          297 	
       14	          322 	
       15	          348 	
       16	          345 	
       17	          336 	
       18	          338 	
       19	          335 	
       20	          326 	
       21	          279 	
       22	          296 	
       23	          291 	
       24	          330 	
       25	          317 	
       26	          299 	
       27	          322 	
       28	          336 	
       29	          305 	
       30	          303 	
       31	          296 	
       32	          318 	
       33	          312 	
       34	          311 	
       35	          269 	
       36	          301 	
       37	          314 	
       38	          343 	
       39	          322 	
       40	          355 	
       41	          338 	
       42	          306 	
       43	          319 	
       44	          345 	
       45	          325 	
       46	          306 	
       47	          286 	
       48	          301 	
       49	          300 	
       50	          342 	
       51	          301 	
       52	          345 	
       53	          317 	
       54	          321 	
       55	          319 	
       56	          281 	
       57	          281 	
       58	          310 	
       59	          312 	
       60	          344 	
       61	          319 	
       62	          320 	
       63	          316 	
       64	          333 	
       65	          312 	
       66	          342 	
       67	          290 	
       68	          304 	
       69	          285 	
       70	          339 	
       71	          292 	
       72	          333 	
       73	          298 	
       74	          326 	
       75	          302 	
       76	          331 	
       77	          339 	
       78	          291 	
       79	          317 	
       80	          284 	
       81	          327 	
       82	          321 	
       83	          313 	
       84	          306 	
       85	          287 	
       86	          321 	
       87	          324 	
       88	          311 	
       89	          297 	
       90	          284 	
       91	          339 	
       92	          315 	
       93	          325 	
       94	          332 	
       95	          311 	
       96	          352 	
       97	          336 	
       98	          329 	
       99	          326 	
      100	          347 	
      101	          346 	
      102	          338 	
      103	          294 	
      104	          352 	
      105	          343 	
      106	          303 	
      107	          285 	
      108	          307 	
      109	          325 	
      110	          327 	
      111	          306 	
      112	          293 	
      113	          320 	
      114	          318 	
      115	          302 	
      116	          289 	
      117	          317 	
      118	          316 	
      119	          320 	
      120	          305 	
      121	          318 	
      122	          329 	
      123	          314 	
      124	          321 	
      125	          315 	
      126	          311 	
      127	          307 	
      128	          327 	
      129	          320 	
      130	          320 	
      131	          324 	
      132	          301 	
      133	          303 	
      134	          301 	
      135	          298 	
      136	          297 	
      137	          328 	
      138	          337 	
      139	          314 	
      140	          321 	
      141	          312 	
      142	          337 	
      143	          304 	
      144	          346 	
      145	          311 	
      146	          310 	
      147	          314 	
      148	          344 	
      149	          296 	
      150	          267 	
      151	          297 	
      152	          352 	
      153	          311 	
      154	          292 	
      155	          306 	
      156	          307 	
      157	          311 	
      158	          312 	
      159	          305 	
      160	          302 	
      161	          272 	
      162	          290 	
      163	          314 	
      164	          321 	
      165	          305 	
      166	          317 	
      167	          321 	
      168	          276 	
      169	          342 	
      170	          297 	
      171	          285 	
      172	          340 	
      173	          324 	
      174	          321 	
      175	          328 	
      176	          321 	
      177	          333 	
      178	          309 	
      179	          328 	
      180	          304 	
      181	          283 	
      182	          297 	
      183	          319 	
      184	          337 	
      185	          367 	
      186	          319 	
      187	          331 	
      188	          346 	
      189	          301 	
      190	          307 	
      191	          274 	
      192	          322 	
      193	          319 	
      194	          305 	
      195	          305 	
      196	          295 	
      197	          342 	
      198	          294 	
      199	          292 	
      200	          342 	
      201	          337 	
      202	          326 	
      203	          341 	
      204	          344 	
      205	          303 	
      206	          302 	
      207	          311 	
      208	          331 	
      209	          341 	
      210	          275 	
      211	          276 	
      212	          299 	
      213	          310 	
      214	          301 	
      215	          308 	
      216	          296 	
      217	          308 	
      218	          305 	
      219	          302 	
      220	          271 	
      221	          316 	
      222	          310 	
      223	          340 	
      224	          311 	
      225	          296 	
      226	          292 	
      227	          297 	
      228	          309 	
      229	          292 	
      230	          286 	
      231	          303 	
      232	          329 	
      233	          324 	
      234	          326 	
      235	          279 	
      236	          278 	
      237	          302 	
      238	          297 	
      239	          309 	
      240	          320 	
      241	          330 	
      242	          290 	
      243	          314 	
      244	          330 	
      245	          295 	
      246	          317 	
      247	          335 	
      248	          328 	
      249	          315 	
      250	          306 	
      251	          339 	
      252	          325 	
      253	          314 	
      254	          346 	
      255	          333 	
      256	          313 	
      257	          300 	
      258	          307 	
      259	          347 	
      260	          321 	
      261	          283 	
      262	          301 	
      263	          304 	
      264	          300 	
      265	          313 	
      266	          321 	
      267	          316 	
      268	          298 	
      269	          313 	
      270	          309 	
      271	          360 	
      272	          347 	
      273	          368 	
      274	          327 	
      275	          341 	
      276	          295 	
      277	          324 	
      278	          327 	
      279	          269 	
      280	          285 	
      281	          302 	
      282	          308 	
      283	          310 	
      284	          302 	
      285	          282 	
      286	          329 	
      287	          311 	
      288	          335 	
      289	          356 	
      290	          356 	
      291	          320 	
      292	          310 	
      293	          290 	
      294	          303 	
      295	          290 	
      296	          326 	
      297	          325 	
      298	          312 	
      299	          294 	
      300	          324 	
      301	          330 	
      302	          321 	
      303	          304 	
      304	          290 	
      305	          294 	
      306	          296 	
      307	          328 	
      308	          288 	
      309	          329 	
      310	          290 	
      311	          317 	
      312	          321 	
      313	          290 	
      314	          333 	
      315	          297 	
      316	          329 	
      317	          321 	
      318	          339 	
      319	          320 	
      320	          314 	
      321	          329 	
      322	          321 	
      323	          336 	
      324	          324 	
      325	          318 	
      326	          321 	
      327	          334 	
      328	          328 	
      329	          387 	
      330	          358 	
      331	          298 	
      332	          298 	
      333	          321 	
      334	          340 	
      335	          305 	
      336	          299 	
      337	          322 	
      338	          313 	
      339	          312 	
      340	          321 	
      341	          287 	
      342	          293 	
      343	          293 	
      344	          269 	
      345	          305 	
      346	          306 	
      347	          309 	
      348	          355 	
      349	          302 	
      350	          326 	
      351	          283 	
      352	          304 	
      353	          361 	
      354	          309 	
      355	          293 	
      356	          334 	
      357	          275 	
      358	          296 	
      359	          362 	
      360	          332 	
      361	          339 	
      362	          311 	
      363	          302 	
      364	          343 	
      365	          349 	
      366	          360 	
      367	          324 	
      368	          330 	
      369	          349 	
      370	          331 	
      371	          317 	
      372	          318 	
      373	          340 	
      374	          314 	
      375	          326 	
      376	          337 	
      377	          313 	
      378	          342 	
      379	          297 	
      380	          300 	
      381	          318 	
      382	          306 	
      383	          308 	
      384	          306 	
      385	          316 	
      386	          292 	
      387	          280 	
      388	          287 	
      389	          272 	
      390	          296 	
      391	          326 	
      392	          297 	
      393	          306 	
      394	          273 	
      395	          290 	
      396	          286 	
      397	          307 	
      398	          348 	
      399	          326 	
      400	          320 	
      401	          296 	
      402	          312 	
      403	          301 	
      404	          323 	
      405	          304 	
      406	          301 	
      407	          317 	
      408	          314 	
      409	          299 	
      410	          289 	
      411	          292 	
      412	          314 	
      413	          289 	
      414	          278 	
      415	          312 	
      416	          296 	
      417	          312 	
      418	          310 	
      419	          287 	
      420	          337 	
      421	          316 	
      422	          313 	
      423	          334 	
      424	          311 	
      425	          341 	
      426	          296 	
      427	          313 	
      428	          295 	
      429	          290 	
      430	          287 	
      431	          286 	
      432	          320 	
      433	          279 	
      434	          313 	
      435	          294 	
      436	          297 	
      437	          339 	
      438	          275 	
      439	          282 	
      440	          273 	
      441	          274 	
      442	          292 	
      443	          299 	
      444	          311 	
      445	          317 	
      446	          310 	
      447	          308 	
      448	          293 	
      449	          271 	
      450	          302 	
      451	          298 	
      452	          294 	
      453	          280 	
      454	          343 	
      455	          304 	
      456	          301 	
      457	          321 	
      458	          325 	
      459	          323 	
      460	          304 	
      461	          323 	
      462	          338 	
      463	          289 	
      464	          322 	
      465	          289 	
      466	          295 	
      467	          327 	
      468	          289 	
      469	          293 	
      470	          336 	
      471	          309 	
      472	          298 	
      473	          300 	
      474	          299 	
      475	          328 	
      476	          316 	
      477	          292 	
      478	          321 	
      479	          275 	
      480	          328 	
      481	          326 	
      482	          325 	
      483	          310 	
      484	          297 	
      485	          297 	
      486	          294 	
      487	          300 	
      488	          291 	
      489	          297 	
      490	          320 	
      491	          311 	
      492	          282 	
      493	          263 	
      494	          322 	
      495	          255 	
      496	          289 	
      497	          308 	
      498	          301 	
      499	          269 	
      500	          304 	
      501	          276 	
      502	          311 	
      503	          302 	
      504	          328 	
      505	          305 	
      506	          357 	
      507	          351 	
      508	          328 	
      509	          324 	
