Thorlabs Single Photon Counter Data Export

Date (YYYY-MM-DD):	2018-07-13
Time (HH:MM:SS):	13:03:41
Device Name:	SPCM50A
Serial Number:	M00451789
GUI Revision:	1.0 Build 2
Driver Revision:	1.0.1
Firmware Revision:	1.0.0

Application settings:
Operating Mode:	Free Running Timed Counter
Bin Length [ms]:	100
Time between Bins [ms]:	0.001
Pulse Blind Time [ns]:	0
Trigger Edge:	non-applicable
Array Measurement:	No
Array Measurement Continuously:	non-applicable
Bins per Array:	non-applicable
Active APD Gating:	No
Fan Off:	No

Bin Number 	Counts per Bin 	Remarks
        1	          252 	
        2	          261 	
        3	          280 	
        4	          241 	
        5	          298 	
        6	          268 	
        7	          249 	
        8	          294 	
        9	          237 	
       10	          243 	
       11	          284 	
       12	          269 	
       13	          283 	
       14	          279 	
       15	          268 	
       16	          276 	
       17	          265 	
       18	          266 	
       19	          232 	
       20	          275 	
       21	          259 	
       22	          251 	
       23	          262 	
       24	          230 	
       25	          274 	
       26	          255 	
       27	          251 	
       28	          302 	
       29	          248 	
       30	          262 	
       31	          243 	
       32	          292 	
       33	          244 	
       34	          234 	
       35	          240 	
       36	          252 	
       37	          252 	
       38	          272 	
       39	          279 	
       40	          272 	
       41	          251 	
       42	          297 	
       43	          261 	
       44	          290 	
       45	          249 	
       46	          256 	
       47	          270 	
       48	          280 	
       49	          248 	
       50	          249 	
       51	          239 	
       52	          256 	
       53	          302 	
       54	          261 	
       55	          283 	
       56	          259 	
       57	          278 	
       58	          237 	
       59	          273 	
       60	          289 	
       61	          257 	
       62	          272 	
       63	          243 	
       64	          302 	
       65	          263 	
       66	          273 	
       67	          242 	
       68	          271 	
       69	          260 	
       70	          278 	
       71	          272 	
       72	          247 	
       73	          267 	
       74	          252 	
       75	          284 	
       76	          278 	
       77	          234 	
       78	          252 	
       79	          264 	
       80	          255 	
       81	          262 	
       82	          270 	
       83	          255 	
       84	          286 	
       85	          273 	
       86	          264 	
       87	          228 	
       88	          257 	
       89	          289 	
       90	          250 	
       91	          255 	
       92	          264 	
       93	          267 	
       94	          269 	
       95	          248 	
       96	          283 	
       97	          242 	
       98	          266 	
       99	          269 	
      100	          262 	
      101	          256 	
      102	          243 	
      103	          254 	
      104	          243 	
      105	          242 	
      106	          236 	
      107	          254 	
      108	          268 	
      109	          263 	
      110	          274 	
      111	          261 	
      112	          258 	
      113	          269 	
      114	          271 	
      115	          265 	
      116	          261 	
      117	          254 	
      118	          240 	
      119	          238 	
      120	          280 	
      121	          292 	
      122	          281 	
      123	          245 	
      124	          252 	
      125	          245 	
      126	          266 	
      127	          267 	
      128	          274 	
      129	          262 	
      130	          242 	
      131	          272 	
      132	          252 	
      133	          266 	
      134	          265 	
      135	          249 	
      136	          237 	
      137	          237 	
      138	          264 	
      139	          251 	
      140	          254 	
      141	          250 	
      142	          252 	
      143	          266 	
      144	          236 	
      145	          270 	
      146	          252 	
      147	          259 	
      148	          246 	
      149	          249 	
      150	          235 	
      151	          261 	
      152	          274 	
      153	          267 	
      154	          235 	
      155	          257 	
      156	          267 	
      157	          249 	
      158	          226 	
      159	          247 	
      160	          274 	
      161	          253 	
      162	          229 	
      163	          251 	
      164	          266 	
      165	          270 	
      166	          266 	
      167	          244 	
      168	          255 	
      169	          230 	
      170	          249 	
      171	          239 	
      172	          257 	
      173	          251 	
      174	          249 	
      175	          284 	
      176	          254 	
      177	          247 	
      178	          257 	
      179	          262 	
      180	          287 	
      181	          274 	
      182	          276 	
      183	          230 	
      184	          228 	
      185	          243 	
      186	          258 	
      187	          260 	
      188	          262 	
      189	          265 	
      190	          288 	
      191	          282 	
      192	          262 	
      193	          273 	
      194	          266 	
      195	          278 	
      196	          261 	
      197	          268 	
      198	          276 	
      199	          263 	
      200	          265 	
      201	          246 	
      202	          264 	
      203	          240 	
      204	          261 	
      205	          256 	
      206	          251 	
      207	          268 	
      208	          264 	
      209	          266 	
      210	          259 	
      211	          264 	
      212	          258 	
      213	          271 	
      214	          269 	
      215	          296 	
      216	          263 	
      217	          273 	
      218	          264 	
      219	          263 	
      220	          243 	
      221	          254 	
      222	          259 	
      223	          253 	
      224	          270 	
      225	          273 	
      226	          258 	
      227	          278 	
      228	          240 	
      229	          254 	
      230	          272 	
      231	          264 	
      232	          258 	
      233	          276 	
      234	          242 	
      235	          264 	
      236	          274 	
      237	          273 	
      238	          268 	
      239	          280 	
      240	          272 	
      241	          268 	
      242	          267 	
      243	          282 	
      244	          253 	
      245	          277 	
      246	          248 	
      247	          252 	
      248	          233 	
      249	          262 	
      250	          256 	
      251	          257 	
      252	          285 	
      253	          245 	
      254	          301 	
      255	          269 	
      256	          257 	
      257	          294 	
      258	          280 	
      259	          271 	
      260	          275 	
      261	          265 	
      262	          243 	
      263	          267 	
      264	          277 	
      265	          282 	
      266	          205 	
      267	          282 	
      268	          283 	
      269	          279 	
      270	          255 	
      271	          257 	
      272	          271 	
      273	          266 	
      274	          277 	
      275	          262 	
      276	          293 	
      277	          262 	
      278	          264 	
      279	          246 	
      280	          264 	
      281	          251 	
      282	          224 	
      283	          237 	
      284	          285 	
      285	          282 	
      286	          253 	
      287	          267 	
      288	          251 	
      289	          259 	
      290	          258 	
      291	          293 	
      292	          272 	
      293	          249 	
      294	          260 	
      295	          255 	
      296	          260 	
      297	          259 	
      298	          272 	
      299	          274 	
      300	          222 	
      301	          241 	
      302	          263 	
      303	          270 	
      304	          277 	
      305	          298 	
      306	          242 	
      307	          247 	
      308	          253 	
      309	          263 	
      310	          276 	
      311	          270 	
      312	          272 	
      313	          252 	
      314	          243 	
      315	          271 	
      316	          278 	
      317	          268 	
      318	          273 	
      319	          265 	
      320	          251 	
      321	          277 	
      322	          270 	
      323	          290 	
      324	          258 	
      325	          295 	
      326	          257 	
      327	          304 	
      328	          248 	
      329	          276 	
      330	          270 	
      331	          234 	
      332	          260 	
      333	          272 	
      334	          264 	
      335	          298 	
      336	          285 	
      337	          258 	
      338	          246 	
      339	          269 	
      340	          266 	
      341	          294 	
      342	          264 	
      343	          236 	
      344	          286 	
      345	          251 	
      346	          264 	
      347	          243 	
      348	          277 	
      349	          249 	
      350	          275 	
      351	          257 	
      352	          232 	
      353	          246 	
      354	          228 	
      355	          286 	
      356	          260 	
      357	          289 	
      358	          254 	
      359	          290 	
      360	          254 	
      361	          292 	
      362	          295 	
      363	          266 	
      364	          289 	
      365	          238 	
      366	          275 	
      367	          241 	
      368	          266 	
      369	          277 	
      370	          287 	
      371	          222 	
      372	          253 	
      373	          268 	
      374	          281 	
      375	          277 	
      376	          256 	
      377	          286 	
      378	          279 	
      379	          255 	
      380	          278 	
      381	          295 	
      382	          282 	
      383	          237 	
      384	          240 	
      385	          253 	
      386	          264 	
      387	          221 	
      388	          231 	
      389	          256 	
      390	          289 	
      391	          256 	
      392	          273 	
      393	          269 	
      394	          231 	
      395	          257 	
      396	          260 	
      397	          268 	
      398	          238 	
      399	          274 	
      400	          246 	
      401	          273 	
      402	          268 	
      403	          304 	
      404	          271 	
      405	          252 	
      406	          275 	
      407	          265 	
      408	          250 	
      409	          295 	
      410	          257 	
      411	          275 	
      412	          285 	
      413	          263 	
      414	          277 	
      415	          250 	
      416	          247 	
      417	          267 	
      418	          265 	
      419	          278 	
      420	          275 	
      421	          260 	
      422	          252 	
      423	          262 	
      424	          256 	
      425	          282 	
      426	          240 	
      427	          261 	
      428	          291 	
      429	          266 	
      430	          272 	
      431	          248 	
      432	          274 	
      433	          250 	
      434	          269 	
      435	          218 	
      436	          266 	
      437	          265 	
      438	          276 	
      439	          288 	
      440	          274 	
      441	          263 	
      442	          274 	
      443	          251 	
      444	          260 	
      445	          290 	
      446	          297 	
      447	          272 	
      448	          242 	
      449	          287 	
      450	          274 	
      451	          254 	
      452	          271 	
      453	          244 	
      454	          271 	
      455	          262 	
      456	          287 	
      457	          258 	
      458	          260 	
      459	          262 	
      460	          267 	
      461	          260 	
      462	          267 	
      463	          252 	
      464	          273 	
      465	          268 	
      466	          276 	
      467	          285 	
      468	          288 	
      469	          294 	
      470	          266 	
      471	          279 	
      472	          250 	
      473	          276 	
      474	          269 	
      475	          262 	
      476	          289 	
      477	          238 	
      478	          262 	
      479	          253 	
      480	          251 	
      481	          287 	
      482	          255 	
      483	          277 	
      484	          298 	
      485	          302 	
      486	          247 	
      487	          264 	
      488	          282 	
      489	          258 	
      490	          231 	
      491	          271 	
      492	          281 	
      493	          255 	
      494	          264 	
      495	          256 	
      496	          248 	
      497	          258 	
      498	          274 	
      499	          276 	
      500	          248 	
      501	          267 	
      502	          252 	
      503	          274 	
      504	          260 	
      505	          285 	
      506	          265 	
      507	          249 	
      508	          271 	
      509	          265 	
      510	          253 	
      511	          280 	
      512	          292 	
      513	          262 	
