Thorlabs Single Photon Counter Data Export

Date (YYYY-MM-DD):	2018-06-26
Time (HH:MM:SS):	15:10:17
Device Name:	SPCM50A
Serial Number:	M00451789
GUI Revision:	1.0 Build 2
Driver Revision:	1.0.1
Firmware Revision:	1.0.0

Application settings:
Operating Mode:	Free Running Timed Counter
Bin Length [ms]:	100
Time between Bins [ms]:	0.001
Pulse Blind Time [ns]:	0
Trigger Edge:	non-applicable
Array Measurement:	No
Array Measurement Continuously:	non-applicable
Bins per Array:	non-applicable
Active APD Gating:	No
Fan Off:	No

Bin Number 	Counts per Bin 	Remarks
        1	           19 	
        2	            9 	
        3	           16 	
        4	           10 	
        5	           15 	
        6	           10 	
        7	           19 	
        8	           10 	
        9	           14 	
       10	           12 	
       11	            9 	
       12	           14 	
       13	           17 	
       14	            9 	
       15	           12 	
       16	           14 	
       17	            6 	
       18	           12 	
       19	           19 	
       20	           17 	
       21	           12 	
       22	           16 	
       23	           11 	
       24	           16 	
       25	            9 	
       26	           13 	
       27	           13 	
       28	           12 	
       29	            8 	
       30	            9 	
       31	           12 	
       32	           12 	
       33	           11 	
       34	           12 	
       35	           12 	
       36	           13 	
       37	           14 	
       38	            7 	
       39	            9 	
       40	           18 	
       41	           15 	
       42	           15 	
       43	           16 	
       44	           17 	
       45	           15 	
       46	           16 	
       47	           21 	
       48	           12 	
       49	           16 	
       50	           16 	
       51	           16 	
       52	           17 	
       53	           17 	
       54	           10 	
       55	           11 	
       56	           17 	
       57	           15 	
       58	           13 	
       59	           15 	
       60	           12 	
       61	           12 	
       62	            8 	
       63	           13 	
       64	            7 	
       65	            8 	
       66	           11 	
       67	           16 	
       68	           10 	
       69	           11 	
       70	            9 	
       71	           23 	
       72	           17 	
       73	           15 	
       74	            9 	
       75	           14 	
       76	           15 	
       77	            8 	
       78	           12 	
       79	            8 	
       80	           12 	
       81	           16 	
       82	            7 	
       83	           14 	
       84	           17 	
       85	            9 	
       86	           16 	
       87	           10 	
       88	           12 	
       89	           11 	
       90	           15 	
       91	           13 	
       92	            9 	
       93	           15 	
       94	           16 	
       95	           11 	
       96	           10 	
       97	           12 	
       98	           17 	
       99	            9 	
      100	           14 	
      101	           15 	
      102	           20 	
      103	           13 	
      104	           19 	
      105	            9 	
      106	           16 	
      107	           18 	
      108	           14 	
      109	           19 	
      110	           15 	
      111	            9 	
      112	           13 	
      113	           17 	
      114	           11 	
      115	           13 	
      116	           17 	
      117	            9 	
      118	            8 	
      119	            7 	
      120	           13 	
      121	           11 	
      122	           13 	
      123	            9 	
      124	           14 	
      125	           17 	
      126	           13 	
      127	           10 	
      128	           19 	
      129	           20 	
      130	            8 	
      131	           15 	
      132	           17 	
      133	           13 	
      134	            8 	
      135	           13 	
      136	           12 	
      137	           11 	
      138	           16 	
      139	           18 	
      140	           17 	
      141	           13 	
      142	           16 	
      143	           10 	
      144	           20 	
      145	           10 	
      146	           24 	
      147	           19 	
      148	           15 	
      149	           11 	
      150	           11 	
      151	           16 	
      152	           10 	
      153	           14 	
      154	           13 	
      155	           16 	
      156	           12 	
      157	           13 	
      158	            8 	
      159	            6 	
      160	            9 	
      161	           19 	
      162	           17 	
      163	            9 	
      164	           13 	
      165	           16 	
      166	           11 	
      167	            8 	
      168	           16 	
      169	           13 	
      170	           18 	
      171	           14 	
      172	           12 	
      173	           24 	
      174	           18 	
      175	           23 	
      176	            8 	
      177	           10 	
      178	           16 	
      179	           12 	
      180	           10 	
      181	            9 	
      182	            5 	
      183	           12 	
      184	           12 	
      185	           14 	
      186	           17 	
      187	           12 	
      188	           10 	
      189	           10 	
      190	           11 	
      191	           10 	
      192	           19 	
      193	           20 	
      194	           14 	
      195	           15 	
      196	           14 	
      197	           16 	
      198	           12 	
      199	           22 	
      200	           15 	
      201	           18 	
      202	           11 	
      203	           13 	
      204	           22 	
      205	           20 	
      206	           13 	
      207	           15 	
      208	           15 	
      209	           12 	
      210	           10 	
      211	           14 	
      212	           19 	
      213	            6 	
      214	           16 	
      215	           12 	
      216	           12 	
      217	           13 	
      218	           15 	
      219	           10 	
      220	           15 	
      221	           12 	
      222	            8 	
      223	           11 	
      224	           15 	
      225	           12 	
      226	           13 	
      227	           13 	
      228	           17 	
      229	           12 	
      230	           14 	
      231	           15 	
      232	           21 	
      233	           23 	
      234	           20 	
      235	           16 	
      236	           16 	
      237	           19 	
      238	           19 	
      239	           12 	
      240	           14 	
      241	           12 	
      242	            8 	
      243	           24 	
      244	           16 	
      245	           11 	
      246	           17 	
      247	           13 	
      248	           13 	
      249	           10 	
      250	           15 	
      251	           17 	
      252	            8 	
      253	           11 	
      254	           19 	
      255	           13 	
      256	           15 	
      257	           11 	
      258	           11 	
      259	            8 	
      260	           19 	
      261	           15 	
      262	           15 	
      263	           17 	
      264	           13 	
      265	           11 	
      266	           13 	
      267	            8 	
      268	            7 	
      269	           15 	
      270	           14 	
      271	           19 	
      272	           16 	
      273	           13 	
      274	           12 	
      275	           17 	
      276	           17 	
      277	           13 	
      278	           10 	
      279	           11 	
      280	           12 	
      281	           19 	
      282	           16 	
      283	           12 	
      284	           20 	
      285	           13 	
      286	           20 	
      287	           13 	
      288	            6 	
      289	           16 	
      290	           13 	
      291	            9 	
      292	            7 	
      293	           14 	
      294	            8 	
      295	           14 	
      296	           10 	
      297	           13 	
      298	           17 	
      299	           13 	
      300	           15 	
      301	           15 	
      302	           12 	
      303	           19 	
      304	           13 	
      305	            9 	
      306	           17 	
      307	            9 	
      308	           11 	
      309	           11 	
      310	            7 	
      311	           19 	
      312	           13 	
      313	           14 	
      314	           15 	
      315	           14 	
      316	           10 	
      317	            9 	
      318	           18 	
      319	           11 	
      320	           14 	
      321	           11 	
      322	           10 	
      323	           12 	
      324	           12 	
      325	           14 	
      326	            7 	
      327	           16 	
      328	           10 	
      329	           13 	
      330	           15 	
      331	           18 	
      332	           10 	
      333	           10 	
      334	           14 	
      335	           15 	
      336	           10 	
      337	           18 	
      338	           12 	
      339	           13 	
      340	           16 	
      341	           12 	
      342	           20 	
      343	           13 	
      344	           12 	
      345	           12 	
      346	           13 	
      347	           11 	
      348	            9 	
      349	            6 	
      350	           10 	
      351	            4 	
      352	           13 	
      353	           13 	
      354	           16 	
      355	           19 	
      356	           10 	
      357	           12 	
      358	           11 	
      359	           16 	
      360	           13 	
      361	           14 	
      362	           17 	
      363	            9 	
      364	           14 	
      365	           19 	
      366	           14 	
      367	            6 	
      368	           12 	
      369	           11 	
      370	           15 	
      371	           18 	
      372	           11 	
      373	           11 	
      374	           13 	
      375	           13 	
      376	            7 	
      377	            6 	
      378	            8 	
      379	            9 	
      380	            7 	
      381	           19 	
      382	           19 	
      383	           15 	
      384	           11 	
      385	           20 	
      386	           11 	
      387	           13 	
      388	           21 	
      389	           10 	
      390	           13 	
      391	           13 	
      392	           10 	
      393	            9 	
      394	            7 	
      395	            7 	
      396	           11 	
      397	           14 	
      398	           12 	
      399	           11 	
      400	           12 	
      401	           15 	
      402	           13 	
      403	            8 	
      404	           11 	
      405	           13 	
      406	           15 	
      407	           10 	
      408	           14 	
      409	           14 	
      410	           14 	
      411	           14 	
      412	           23 	
      413	           14 	
      414	           12 	
      415	            7 	
      416	            8 	
      417	           15 	
      418	           14 	
      419	            9 	
      420	           16 	
      421	           15 	
      422	           18 	
      423	           13 	
      424	           24 	
      425	           19 	
      426	           15 	
      427	            8 	
      428	           15 	
      429	           15 	
      430	           11 	
      431	           12 	
      432	           17 	
      433	           15 	
      434	           14 	
      435	           15 	
      436	           13 	
      437	           12 	
      438	           12 	
      439	           10 	
      440	           11 	
      441	            9 	
      442	           15 	
      443	           16 	
      444	           17 	
      445	           19 	
      446	           15 	
      447	           18 	
      448	           14 	
      449	           13 	
      450	           15 	
      451	           11 	
      452	           14 	
      453	           23 	
      454	           24 	
      455	           14 	
      456	           12 	
      457	           15 	
      458	           20 	
      459	           14 	
      460	           10 	
      461	            5 	
      462	            9 	
      463	           19 	
      464	           15 	
      465	            9 	
      466	           15 	
      467	           14 	
      468	           15 	
      469	           12 	
      470	            9 	
      471	           12 	
      472	           13 	
      473	           15 	
      474	            6 	
      475	           12 	
      476	           12 	
      477	           12 	
      478	           16 	
      479	            8 	
      480	           13 	
      481	           16 	
      482	           16 	
      483	            9 	
      484	            8 	
      485	           10 	
      486	           14 	
      487	           15 	
      488	           10 	
      489	           14 	
      490	           13 	
      491	           15 	
      492	           14 	
      493	            9 	
      494	           13 	
      495	           14 	
      496	           12 	
      497	           19 	
      498	           15 	
      499	           12 	
      500	           20 	
      501	           17 	
      502	           16 	
      503	           15 	
      504	           22 	
      505	            9 	
      506	           13 	
