Thorlabs Single Photon Counter Data Export

Date (YYYY-MM-DD):	2018-06-26
Time (HH:MM:SS):	15:14:08
Device Name:	SPCM50A
Serial Number:	M00451789
GUI Revision:	1.0 Build 2
Driver Revision:	1.0.1
Firmware Revision:	1.0.0

Application settings:
Operating Mode:	Free Running Timed Counter
Bin Length [ms]:	100
Time between Bins [ms]:	0.001
Pulse Blind Time [ns]:	0
Trigger Edge:	non-applicable
Array Measurement:	No
Array Measurement Continuously:	non-applicable
Bins per Array:	non-applicable
Active APD Gating:	No
Fan Off:	No

Bin Number 	Counts per Bin 	Remarks
        1	           18 	
        2	           32 	
        3	           42 	
        4	           31 	
        5	           23 	
        6	           24 	
        7	           18 	
        8	           32 	
        9	           31 	
       10	           22 	
       11	           29 	
       12	           23 	
       13	           25 	
       14	           25 	
       15	           23 	
       16	           22 	
       17	           22 	
       18	           31 	
       19	           36 	
       20	           22 	
       21	           23 	
       22	           16 	
       23	           20 	
       24	           19 	
       25	           15 	
       26	           26 	
       27	           25 	
       28	           21 	
       29	           32 	
       30	           29 	
       31	           24 	
       32	           22 	
       33	           28 	
       34	           20 	
       35	           25 	
       36	           20 	
       37	           38 	
       38	           27 	
       39	           23 	
       40	           30 	
       41	           27 	
       42	           28 	
       43	           19 	
       44	           32 	
       45	           16 	
       46	           22 	
       47	           17 	
       48	           27 	
       49	           20 	
       50	           26 	
       51	           28 	
       52	           31 	
       53	           34 	
       54	           34 	
       55	           25 	
       56	           28 	
       57	           23 	
       58	           18 	
       59	           21 	
       60	           41 	
       61	           28 	
       62	           21 	
       63	           37 	
       64	           31 	
       65	           27 	
       66	           33 	
       67	           25 	
       68	           27 	
       69	           24 	
       70	           27 	
       71	           25 	
       72	           25 	
       73	           20 	
       74	           24 	
       75	           19 	
       76	           22 	
       77	           22 	
       78	           19 	
       79	           27 	
       80	           33 	
       81	           27 	
       82	           16 	
       83	           28 	
       84	           30 	
       85	           23 	
       86	           23 	
       87	           13 	
       88	           15 	
       89	           26 	
       90	           28 	
       91	           17 	
       92	           28 	
       93	           21 	
       94	           27 	
       95	           24 	
       96	           23 	
       97	           20 	
       98	           32 	
       99	           25 	
      100	           24 	
      101	           23 	
      102	           22 	
      103	           20 	
      104	           12 	
      105	           27 	
      106	           28 	
      107	           23 	
      108	           25 	
      109	           36 	
      110	           28 	
      111	           22 	
      112	           18 	
      113	           22 	
      114	           19 	
      115	           33 	
      116	           22 	
      117	           18 	
      118	           19 	
      119	           28 	
      120	           34 	
      121	           32 	
      122	           34 	
      123	           21 	
      124	           18 	
      125	           22 	
      126	           25 	
      127	           25 	
      128	           21 	
      129	           24 	
      130	           33 	
      131	           22 	
      132	           23 	
      133	           22 	
      134	           26 	
      135	           25 	
      136	           22 	
      137	           24 	
      138	           21 	
      139	           15 	
      140	           31 	
      141	           25 	
      142	           28 	
      143	           22 	
      144	           24 	
      145	           25 	
      146	           22 	
      147	           29 	
      148	           22 	
      149	           22 	
      150	           21 	
      151	           26 	
      152	           31 	
      153	           17 	
      154	           30 	
      155	           11 	
      156	           20 	
      157	           29 	
      158	           24 	
      159	           25 	
      160	           26 	
      161	           18 	
      162	           35 	
      163	           19 	
      164	           26 	
      165	           25 	
      166	           23 	
      167	           14 	
      168	           28 	
      169	           30 	
      170	           30 	
      171	           33 	
      172	           20 	
      173	           28 	
      174	           24 	
      175	           18 	
      176	           30 	
      177	           27 	
      178	           19 	
      179	           26 	
      180	           29 	
      181	           30 	
      182	           26 	
      183	           17 	
      184	           33 	
      185	           30 	
      186	           15 	
      187	           30 	
      188	           25 	
      189	           19 	
      190	           31 	
      191	           17 	
      192	           27 	
      193	           27 	
      194	           21 	
      195	           24 	
      196	           27 	
      197	           30 	
      198	           30 	
      199	           38 	
      200	           25 	
      201	           38 	
      202	           17 	
      203	           27 	
      204	           18 	
      205	           27 	
      206	           22 	
      207	           18 	
      208	           25 	
      209	           28 	
      210	           29 	
      211	           31 	
      212	           23 	
      213	           24 	
      214	           25 	
      215	           28 	
      216	           30 	
      217	           15 	
      218	           27 	
      219	           30 	
      220	           32 	
      221	           29 	
      222	           19 	
      223	           23 	
      224	           21 	
      225	           31 	
      226	           24 	
      227	           24 	
      228	           20 	
      229	           25 	
      230	           31 	
      231	           26 	
      232	           20 	
      233	           21 	
      234	           29 	
      235	           30 	
      236	           25 	
      237	           23 	
      238	           24 	
      239	           24 	
      240	           26 	
      241	           31 	
      242	           26 	
      243	           23 	
      244	           17 	
      245	           28 	
      246	           25 	
      247	           30 	
      248	           24 	
      249	           17 	
      250	           27 	
      251	           19 	
      252	           25 	
      253	           33 	
      254	           24 	
      255	           28 	
      256	           31 	
      257	           18 	
      258	           32 	
      259	           24 	
      260	           27 	
      261	           24 	
      262	           29 	
      263	           34 	
      264	           26 	
      265	           24 	
      266	           24 	
      267	           36 	
      268	           22 	
      269	           25 	
      270	           22 	
      271	           23 	
      272	           21 	
      273	           21 	
      274	           18 	
      275	           24 	
      276	           28 	
      277	           23 	
      278	           21 	
      279	           19 	
      280	           30 	
      281	           29 	
      282	           18 	
      283	           28 	
      284	           25 	
      285	           30 	
      286	           18 	
      287	           24 	
      288	           26 	
      289	           31 	
      290	           21 	
      291	           18 	
      292	           16 	
      293	           20 	
      294	           26 	
      295	           20 	
      296	           35 	
      297	           30 	
      298	           24 	
      299	           30 	
      300	           18 	
      301	           20 	
      302	           20 	
      303	           19 	
      304	           20 	
      305	           24 	
      306	           21 	
      307	           20 	
      308	           20 	
      309	           16 	
      310	           29 	
      311	           25 	
      312	           25 	
      313	           29 	
      314	           20 	
      315	           31 	
      316	           20 	
      317	           16 	
      318	           25 	
      319	           25 	
      320	           24 	
      321	           34 	
      322	           31 	
      323	           26 	
      324	           26 	
      325	           23 	
      326	           30 	
      327	           27 	
      328	           27 	
      329	           17 	
      330	           27 	
      331	           26 	
      332	           20 	
      333	           32 	
      334	           22 	
      335	           30 	
      336	           27 	
      337	           18 	
      338	           21 	
      339	           28 	
      340	           27 	
      341	           22 	
      342	           18 	
      343	           21 	
      344	           18 	
      345	           26 	
      346	           31 	
      347	           29 	
      348	           27 	
      349	           31 	
      350	           25 	
      351	           26 	
      352	           22 	
      353	           29 	
      354	           31 	
      355	           28 	
      356	           26 	
      357	           21 	
      358	           28 	
      359	           29 	
      360	           41 	
      361	           35 	
      362	           21 	
      363	           29 	
      364	           24 	
      365	           32 	
      366	           29 	
      367	           16 	
      368	           23 	
      369	           24 	
      370	           30 	
      371	           24 	
      372	           28 	
      373	           36 	
      374	           30 	
      375	           28 	
      376	           24 	
      377	           34 	
      378	           22 	
      379	           21 	
      380	           27 	
      381	           17 	
      382	           33 	
      383	           23 	
      384	           21 	
      385	           28 	
      386	           36 	
      387	           30 	
      388	           25 	
      389	           35 	
      390	           25 	
      391	           26 	
      392	           14 	
      393	           32 	
      394	           26 	
      395	           26 	
      396	           30 	
      397	           23 	
      398	           21 	
      399	           34 	
      400	           21 	
      401	           21 	
      402	           25 	
      403	           25 	
      404	           24 	
      405	           20 	
      406	           25 	
      407	           24 	
      408	           24 	
      409	           23 	
      410	           16 	
      411	           23 	
      412	           30 	
      413	           18 	
      414	           26 	
      415	           23 	
      416	           18 	
      417	           27 	
      418	           22 	
      419	           22 	
      420	           20 	
      421	           25 	
      422	           20 	
      423	           21 	
      424	           19 	
      425	           32 	
      426	           18 	
      427	           16 	
      428	           30 	
      429	           19 	
      430	           29 	
      431	           20 	
      432	           34 	
      433	           40 	
      434	           38 	
      435	           27 	
      436	           29 	
      437	           34 	
      438	           26 	
      439	           25 	
      440	           26 	
      441	           22 	
      442	           27 	
      443	           29 	
      444	           25 	
      445	           39 	
      446	           26 	
      447	           21 	
      448	           40 	
      449	           21 	
      450	           28 	
      451	           30 	
      452	           25 	
      453	           27 	
      454	           14 	
      455	           26 	
      456	           25 	
      457	           23 	
      458	           20 	
      459	           23 	
      460	           31 	
      461	           32 	
      462	           22 	
      463	           18 	
      464	           16 	
      465	           28 	
      466	           21 	
      467	           34 	
      468	           27 	
      469	           24 	
      470	           27 	
      471	           27 	
      472	           26 	
      473	           33 	
      474	           20 	
      475	           18 	
      476	           26 	
      477	           32 	
      478	           24 	
      479	           22 	
      480	           27 	
      481	           23 	
      482	           29 	
      483	           31 	
      484	           25 	
      485	           30 	
      486	           15 	
      487	           27 	
      488	           28 	
      489	           26 	
      490	           26 	
      491	           23 	
      492	           21 	
      493	           28 	
      494	           22 	
      495	           30 	
      496	           21 	
      497	           25 	
      498	           17 	
      499	           24 	
      500	           22 	
      501	           26 	
      502	           21 	
      503	           25 	
      504	           24 	
