Thorlabs Single Photon Counter Data Export

Date (YYYY-MM-DD):	2018-06-29
Time (HH:MM:SS):	14:41:51
Device Name:	SPCM50A
Serial Number:	M00451789
GUI Revision:	1.0 Build 2
Driver Revision:	1.0.1
Firmware Revision:	1.0.0

Application settings:
Operating Mode:	Free Running Timed Counter
Bin Length [ms]:	100
Time between Bins [ms]:	0.001
Pulse Blind Time [ns]:	0
Trigger Edge:	non-applicable
Array Measurement:	No
Array Measurement Continuously:	non-applicable
Bins per Array:	non-applicable
Active APD Gating:	No
Fan Off:	No

Bin Number 	Counts per Bin 	Remarks
        1	          668 	
        2	          633 	
        3	          679 	
        4	          626 	
        5	          599 	
        6	          713 	
        7	          660 	
        8	          709 	
        9	          636 	
       10	          691 	
       11	          654 	
       12	          644 	
       13	          676 	
       14	          674 	
       15	          682 	
       16	          692 	
       17	          654 	
       18	          644 	
       19	          628 	
       20	          664 	
       21	          676 	
       22	          720 	
       23	          647 	
       24	          690 	
       25	          650 	
       26	          650 	
       27	          676 	
       28	          687 	
       29	          666 	
       30	          681 	
       31	          672 	
       32	          645 	
       33	          661 	
       34	          679 	
       35	          694 	
       36	          714 	
       37	          687 	
       38	          645 	
       39	          670 	
       40	          642 	
       41	          628 	
       42	          677 	
       43	          689 	
       44	          687 	
       45	          658 	
       46	          667 	
       47	          666 	
       48	          596 	
       49	          667 	
       50	          700 	
       51	          682 	
       52	          665 	
       53	          676 	
       54	          676 	
       55	          641 	
       56	          674 	
       57	          596 	
       58	          617 	
       59	          653 	
       60	          673 	
       61	          641 	
       62	          664 	
       63	          683 	
       64	          683 	
       65	          699 	
       66	          662 	
       67	          691 	
       68	          667 	
       69	          664 	
       70	          670 	
       71	          699 	
       72	          639 	
       73	          656 	
       74	          644 	
       75	          654 	
       76	          664 	
       77	          716 	
       78	          672 	
       79	          647 	
       80	          657 	
       81	          645 	
       82	          703 	
       83	          662 	
       84	          667 	
       85	          683 	
       86	          676 	
       87	          658 	
       88	          678 	
       89	          694 	
       90	          652 	
       91	          631 	
       92	          710 	
       93	          688 	
       94	          653 	
       95	          639 	
       96	          670 	
       97	          630 	
       98	          677 	
       99	          689 	
      100	          651 	
      101	          645 	
      102	          679 	
      103	          648 	
      104	          670 	
      105	          666 	
      106	          659 	
      107	          645 	
      108	          678 	
      109	          664 	
      110	          669 	
      111	          655 	
      112	          648 	
      113	          651 	
      114	          699 	
      115	          658 	
      116	          706 	
      117	          710 	
      118	          672 	
      119	          737 	
      120	          671 	
      121	          683 	
      122	          648 	
      123	          699 	
      124	          705 	
      125	          714 	
      126	          678 	
      127	          619 	
      128	          652 	
      129	          691 	
      130	          667 	
      131	          641 	
      132	          667 	
      133	          666 	
      134	          721 	
      135	          639 	
      136	          681 	
      137	          648 	
      138	          658 	
      139	          655 	
      140	          661 	
      141	          652 	
      142	          640 	
      143	          687 	
      144	          664 	
      145	          643 	
      146	          695 	
      147	          643 	
      148	          660 	
      149	          647 	
      150	          646 	
      151	          674 	
      152	          686 	
      153	          593 	
      154	          678 	
      155	          699 	
      156	          608 	
      157	          664 	
      158	          649 	
      159	          662 	
      160	          708 	
      161	          706 	
      162	          659 	
      163	          681 	
      164	          647 	
      165	          701 	
      166	          667 	
      167	          685 	
      168	          694 	
      169	          684 	
      170	          668 	
      171	          642 	
      172	          693 	
      173	          684 	
      174	          663 	
      175	          712 	
      176	          612 	
      177	          659 	
      178	          680 	
      179	          682 	
      180	          617 	
      181	          682 	
      182	          649 	
      183	          660 	
      184	          689 	
      185	          682 	
      186	          674 	
      187	          699 	
      188	          652 	
      189	          645 	
      190	          708 	
      191	          668 	
      192	          651 	
      193	          687 	
      194	          656 	
      195	          698 	
      196	          654 	
      197	          662 	
      198	          653 	
      199	          656 	
      200	          680 	
      201	          651 	
      202	          646 	
      203	          635 	
      204	          663 	
      205	          629 	
      206	          704 	
      207	          648 	
      208	          604 	
      209	          635 	
      210	          641 	
      211	          666 	
      212	          672 	
      213	          578 	
      214	          683 	
      215	          644 	
      216	          613 	
      217	          619 	
      218	          651 	
      219	          647 	
      220	          666 	
      221	          693 	
      222	          656 	
      223	          676 	
      224	          712 	
      225	          653 	
      226	          677 	
      227	          679 	
      228	          644 	
      229	          692 	
      230	          632 	
      231	          660 	
      232	          651 	
      233	          642 	
      234	          675 	
      235	          683 	
      236	          655 	
      237	          713 	
      238	          683 	
      239	          650 	
      240	          648 	
      241	          702 	
      242	          676 	
      243	          641 	
      244	          594 	
      245	          680 	
      246	          642 	
      247	          653 	
      248	          703 	
      249	          707 	
      250	          646 	
      251	          674 	
      252	          650 	
      253	          624 	
      254	          668 	
      255	          657 	
      256	          715 	
      257	          726 	
      258	          697 	
      259	          620 	
      260	          631 	
      261	          654 	
      262	          676 	
      263	          685 	
      264	          657 	
      265	          668 	
      266	          667 	
      267	          675 	
      268	          656 	
      269	          638 	
      270	          667 	
      271	          666 	
      272	          663 	
      273	          639 	
      274	          668 	
      275	          673 	
      276	          666 	
      277	          621 	
      278	          669 	
      279	          647 	
      280	          637 	
      281	          676 	
      282	          690 	
      283	          684 	
      284	          706 	
      285	          699 	
      286	          614 	
      287	          640 	
      288	          624 	
      289	          656 	
      290	          678 	
      291	          624 	
      292	          661 	
      293	          692 	
      294	          661 	
      295	          641 	
      296	          603 	
      297	          684 	
      298	          643 	
      299	          620 	
      300	          670 	
      301	          681 	
      302	          625 	
      303	          700 	
      304	          684 	
      305	          669 	
      306	          687 	
      307	          667 	
      308	          689 	
      309	          602 	
      310	          660 	
      311	          674 	
      312	          649 	
      313	          668 	
      314	          653 	
      315	          675 	
      316	          695 	
      317	          682 	
      318	          661 	
      319	          660 	
      320	          626 	
      321	          647 	
      322	          642 	
      323	          663 	
      324	          656 	
      325	          636 	
      326	          630 	
      327	          656 	
      328	          689 	
      329	          669 	
      330	          636 	
      331	          660 	
      332	          637 	
      333	          632 	
      334	          667 	
      335	          694 	
      336	          659 	
      337	          629 	
      338	          714 	
      339	          697 	
      340	          705 	
      341	          661 	
      342	          671 	
      343	          676 	
      344	          648 	
      345	          683 	
      346	          675 	
      347	          677 	
      348	          665 	
      349	          713 	
      350	          654 	
      351	          630 	
      352	          646 	
      353	          662 	
      354	          657 	
      355	          635 	
      356	          723 	
      357	          678 	
      358	          699 	
      359	          660 	
      360	          693 	
      361	          638 	
      362	          670 	
      363	          662 	
      364	          648 	
      365	          700 	
      366	          671 	
      367	          727 	
      368	          642 	
      369	          678 	
      370	          651 	
      371	          590 	
      372	          672 	
      373	          629 	
      374	          647 	
      375	          663 	
      376	          661 	
      377	          663 	
      378	          652 	
      379	          636 	
      380	          665 	
      381	          657 	
      382	          623 	
      383	          644 	
      384	          675 	
      385	          636 	
      386	          683 	
      387	          650 	
      388	          649 	
      389	          637 	
      390	          619 	
      391	          629 	
      392	          658 	
      393	          675 	
      394	          654 	
      395	          627 	
      396	          618 	
      397	          647 	
      398	          636 	
      399	          665 	
      400	          647 	
      401	          696 	
      402	          670 	
      403	          654 	
      404	          655 	
      405	          645 	
      406	          712 	
      407	          654 	
      408	          660 	
      409	          647 	
      410	          679 	
      411	          713 	
      412	          681 	
      413	          643 	
      414	          638 	
      415	          652 	
      416	          657 	
      417	          690 	
      418	          626 	
      419	          640 	
      420	          676 	
      421	          702 	
      422	          664 	
      423	          686 	
      424	          670 	
      425	          592 	
      426	          608 	
      427	          586 	
      428	          703 	
      429	          682 	
      430	          651 	
      431	          660 	
      432	          691 	
      433	          701 	
      434	          684 	
      435	          688 	
      436	          643 	
      437	          647 	
      438	          649 	
      439	          677 	
      440	          667 	
      441	          647 	
      442	          665 	
      443	          675 	
      444	          686 	
      445	          678 	
      446	          660 	
      447	          672 	
      448	          640 	
      449	          640 	
      450	          726 	
      451	          657 	
      452	          639 	
      453	          645 	
      454	          661 	
      455	          607 	
      456	          663 	
      457	          656 	
      458	          609 	
      459	          642 	
      460	          672 	
      461	          610 	
      462	          660 	
      463	          646 	
      464	          677 	
      465	          727 	
      466	          668 	
      467	          676 	
      468	          666 	
      469	          625 	
      470	          676 	
      471	          653 	
      472	          688 	
      473	          700 	
      474	          686 	
      475	          729 	
      476	          631 	
      477	          677 	
      478	          677 	
      479	          654 	
      480	          689 	
      481	          654 	
      482	          649 	
      483	          636 	
      484	          689 	
      485	          676 	
      486	          672 	
      487	          683 	
      488	          703 	
      489	          661 	
      490	          643 	
      491	          700 	
      492	          639 	
      493	          702 	
      494	          683 	
      495	          624 	
      496	          667 	
      497	          652 	
      498	          715 	
      499	          589 	
      500	          698 	
      501	          660 	
      502	          618 	
      503	          672 	
      504	          662 	
      505	          702 	
      506	          708 	
