Thorlabs Single Photon Counter Data Export

Date (YYYY-MM-DD):	2018-06-28
Time (HH:MM:SS):	15:03:34
Device Name:	SPCM50A
Serial Number:	M00451789
GUI Revision:	1.0 Build 2
Driver Revision:	1.0.1
Firmware Revision:	1.0.0

Application settings:
Operating Mode:	Free Running Timed Counter
Bin Length [ms]:	100
Time between Bins [ms]:	0.001
Pulse Blind Time [ns]:	0
Trigger Edge:	non-applicable
Array Measurement:	No
Array Measurement Continuously:	non-applicable
Bins per Array:	non-applicable
Active APD Gating:	No
Fan Off:	No

Bin Number 	Counts per Bin 	Remarks
        1	          131 	
        2	          112 	
        3	          107 	
        4	          128 	
        5	          124 	
        6	          121 	
        7	          108 	
        8	          114 	
        9	          115 	
       10	          117 	
       11	          136 	
       12	          126 	
       13	          105 	
       14	          131 	
       15	          132 	
       16	          125 	
       17	          111 	
       18	          133 	
       19	          129 	
       20	          117 	
       21	          114 	
       22	          106 	
       23	          128 	
       24	          138 	
       25	          128 	
       26	          118 	
       27	          108 	
       28	          122 	
       29	          142 	
       30	          116 	
       31	          121 	
       32	          123 	
       33	          113 	
       34	          127 	
       35	          132 	
       36	          119 	
       37	          145 	
       38	          129 	
       39	          103 	
       40	          112 	
       41	          116 	
       42	          111 	
       43	          109 	
       44	          125 	
       45	          126 	
       46	           94 	
       47	          140 	
       48	           98 	
       49	          131 	
       50	          131 	
       51	          108 	
       52	          104 	
       53	          127 	
       54	          155 	
       55	          124 	
       56	          123 	
       57	          124 	
       58	          137 	
       59	          105 	
       60	          144 	
       61	          126 	
       62	          111 	
       63	          142 	
       64	          130 	
       65	          120 	
       66	          113 	
       67	          120 	
       68	          133 	
       69	          137 	
       70	          140 	
       71	          124 	
       72	          130 	
       73	          120 	
       74	          113 	
       75	          125 	
       76	          117 	
       77	          123 	
       78	          112 	
       79	          119 	
       80	          120 	
       81	          117 	
       82	          125 	
       83	          127 	
       84	          118 	
       85	          135 	
       86	          124 	
       87	          129 	
       88	          122 	
       89	          116 	
       90	          117 	
       91	          132 	
       92	          105 	
       93	          138 	
       94	          127 	
       95	          135 	
       96	          123 	
       97	          107 	
       98	          115 	
       99	          129 	
      100	          106 	
      101	          135 	
      102	          107 	
      103	           99 	
      104	          132 	
      105	          119 	
      106	          143 	
      107	          117 	
      108	          118 	
      109	          120 	
      110	          106 	
      111	          128 	
      112	          135 	
      113	          124 	
      114	          136 	
      115	          153 	
      116	          114 	
      117	          109 	
      118	          128 	
      119	          119 	
      120	          108 	
      121	          116 	
      122	          109 	
      123	          131 	
      124	          134 	
      125	          116 	
      126	          138 	
      127	          119 	
      128	          130 	
      129	          110 	
      130	          140 	
      131	          113 	
      132	          146 	
      133	          121 	
      134	          119 	
      135	          143 	
      136	           99 	
      137	          118 	
      138	          104 	
      139	          118 	
      140	          111 	
      141	          124 	
      142	          136 	
      143	          128 	
      144	          110 	
      145	          130 	
      146	          123 	
      147	          127 	
      148	          141 	
      149	          108 	
      150	          121 	
      151	          119 	
      152	          125 	
      153	          108 	
      154	          112 	
      155	          119 	
      156	          117 	
      157	          116 	
      158	          143 	
      159	          133 	
      160	          118 	
      161	          125 	
      162	          114 	
      163	          133 	
      164	          131 	
      165	          123 	
      166	          117 	
      167	          115 	
      168	          128 	
      169	          129 	
      170	          136 	
      171	           99 	
      172	          129 	
      173	          121 	
      174	          125 	
      175	          130 	
      176	           98 	
      177	          121 	
      178	          127 	
      179	          116 	
      180	          119 	
      181	          114 	
      182	          130 	
      183	          112 	
      184	          151 	
      185	          139 	
      186	          118 	
      187	          125 	
      188	          120 	
      189	          110 	
      190	          139 	
      191	          113 	
      192	          126 	
      193	          124 	
      194	          111 	
      195	          111 	
      196	          122 	
      197	          112 	
      198	          104 	
      199	          124 	
      200	          124 	
      201	          121 	
      202	          134 	
      203	          123 	
      204	          128 	
      205	          124 	
      206	          118 	
      207	          119 	
      208	          114 	
      209	          136 	
      210	          126 	
      211	          128 	
      212	          110 	
      213	          111 	
      214	          148 	
      215	          144 	
      216	          147 	
      217	          122 	
      218	          119 	
      219	          125 	
      220	          116 	
      221	          102 	
      222	          101 	
      223	          141 	
      224	          101 	
      225	          103 	
      226	          119 	
      227	          123 	
      228	           96 	
      229	          142 	
      230	          102 	
      231	          139 	
      232	           97 	
      233	          131 	
      234	          128 	
      235	          138 	
      236	          107 	
      237	          121 	
      238	          142 	
      239	          118 	
      240	          125 	
      241	          122 	
      242	          107 	
      243	          117 	
      244	          123 	
      245	           95 	
      246	          119 	
      247	          129 	
      248	          118 	
      249	          133 	
      250	          122 	
      251	          120 	
      252	          115 	
      253	          105 	
      254	          115 	
      255	          119 	
      256	          110 	
      257	          126 	
      258	          106 	
      259	          133 	
      260	          107 	
      261	          112 	
      262	          109 	
      263	          120 	
      264	          111 	
      265	          117 	
      266	          122 	
      267	          111 	
      268	          104 	
      269	          115 	
      270	          118 	
      271	          117 	
      272	           99 	
      273	          141 	
      274	          125 	
      275	          126 	
      276	          152 	
      277	          143 	
      278	          104 	
      279	          128 	
      280	          120 	
      281	          100 	
      282	          123 	
      283	          105 	
      284	          121 	
      285	          114 	
      286	          108 	
      287	          110 	
      288	          119 	
      289	          120 	
      290	          148 	
      291	          129 	
      292	          118 	
      293	          134 	
      294	          139 	
      295	          125 	
      296	          124 	
      297	          135 	
      298	          122 	
      299	          127 	
      300	          129 	
      301	          127 	
      302	          117 	
      303	          109 	
      304	          133 	
      305	          107 	
      306	          125 	
      307	          110 	
      308	          120 	
      309	          125 	
      310	          103 	
      311	          106 	
      312	          128 	
      313	          105 	
      314	          112 	
      315	          128 	
      316	          101 	
      317	          127 	
      318	          128 	
      319	          134 	
      320	          120 	
      321	          105 	
      322	          118 	
      323	          130 	
      324	          112 	
      325	          133 	
      326	          130 	
      327	          123 	
      328	          151 	
      329	          132 	
      330	          122 	
      331	          137 	
      332	          127 	
      333	          117 	
      334	          102 	
      335	          146 	
      336	          108 	
      337	          122 	
      338	          114 	
      339	          128 	
      340	          123 	
      341	          111 	
      342	          126 	
      343	          114 	
      344	          121 	
      345	          129 	
      346	          110 	
      347	          128 	
      348	          113 	
      349	          114 	
      350	          126 	
      351	          149 	
      352	          139 	
      353	          118 	
      354	          113 	
      355	          118 	
      356	          123 	
      357	          122 	
      358	          130 	
      359	          120 	
      360	          114 	
      361	          119 	
      362	          111 	
      363	          106 	
      364	          128 	
      365	          118 	
      366	          108 	
      367	          127 	
      368	          142 	
      369	          110 	
      370	          135 	
      371	          128 	
      372	           89 	
      373	          116 	
      374	          119 	
      375	          119 	
      376	          133 	
      377	          103 	
      378	          108 	
      379	          116 	
      380	          143 	
      381	          123 	
      382	          112 	
      383	          119 	
      384	          123 	
      385	          118 	
      386	          115 	
      387	          123 	
      388	          155 	
      389	          107 	
      390	          117 	
      391	          110 	
      392	          109 	
      393	          126 	
      394	          114 	
      395	          116 	
      396	          101 	
      397	          125 	
      398	          123 	
      399	          122 	
      400	          133 	
      401	          127 	
      402	          133 	
      403	          121 	
      404	          103 	
      405	          125 	
      406	          125 	
      407	          125 	
      408	          115 	
      409	          127 	
      410	          125 	
      411	          141 	
      412	          124 	
      413	          146 	
      414	          134 	
      415	          112 	
      416	          135 	
      417	          112 	
      418	          119 	
      419	          112 	
      420	          117 	
      421	          110 	
      422	          102 	
      423	          109 	
      424	          121 	
      425	          117 	
      426	          122 	
      427	          116 	
      428	          116 	
      429	          109 	
      430	          111 	
      431	          132 	
      432	          102 	
      433	          139 	
      434	          151 	
      435	          126 	
      436	          110 	
      437	          117 	
      438	          115 	
      439	          127 	
      440	          128 	
      441	          122 	
      442	          136 	
      443	          120 	
      444	          127 	
      445	          113 	
      446	           94 	
      447	          136 	
      448	          128 	
      449	          125 	
      450	          125 	
      451	          129 	
      452	          119 	
      453	          119 	
      454	          141 	
      455	          118 	
      456	          131 	
      457	          131 	
      458	          148 	
      459	          116 	
      460	          124 	
      461	          115 	
      462	          128 	
      463	          107 	
      464	          118 	
      465	          106 	
      466	          139 	
      467	          122 	
      468	          118 	
      469	          104 	
      470	          126 	
      471	          119 	
      472	          119 	
      473	          119 	
      474	          112 	
      475	          113 	
      476	          120 	
      477	          133 	
      478	          113 	
      479	          110 	
      480	          134 	
      481	          137 	
      482	          114 	
      483	          114 	
      484	          113 	
      485	          134 	
      486	          134 	
      487	          107 	
      488	          130 	
      489	          117 	
      490	          134 	
      491	          110 	
      492	          139 	
      493	          112 	
      494	          127 	
      495	          129 	
      496	          117 	
      497	          117 	
      498	          128 	
      499	          118 	
      500	          125 	
      501	          128 	
      502	          146 	
      503	          129 	
      504	          122 	
      505	          112 	
      506	          122 	
      507	          134 	
      508	          125 	
      509	          105 	
      510	          142 	
      511	          100 	
      512	          117 	
