Thorlabs Single Photon Counter Data Export

Date (YYYY-MM-DD):	2018-06-29
Time (HH:MM:SS):	14:17:49
Device Name:	SPCM50A
Serial Number:	M00451789
GUI Revision:	1.0 Build 2
Driver Revision:	1.0.1
Firmware Revision:	1.0.0

Application settings:
Operating Mode:	Free Running Timed Counter
Bin Length [ms]:	100
Time between Bins [ms]:	0.001
Pulse Blind Time [ns]:	0
Trigger Edge:	non-applicable
Array Measurement:	No
Array Measurement Continuously:	non-applicable
Bins per Array:	non-applicable
Active APD Gating:	No
Fan Off:	No

Bin Number 	Counts per Bin 	Remarks
        1	          563 	
        2	          578 	
        3	          657 	
        4	          609 	
        5	          642 	
        6	          613 	
        7	          592 	
        8	          618 	
        9	          596 	
       10	          638 	
       11	          621 	
       12	          613 	
       13	          583 	
       14	          599 	
       15	          640 	
       16	          577 	
       17	          615 	
       18	          627 	
       19	          587 	
       20	          611 	
       21	          574 	
       22	          629 	
       23	          578 	
       24	          560 	
       25	          591 	
       26	          561 	
       27	          568 	
       28	          606 	
       29	          548 	
       30	          544 	
       31	          575 	
       32	          605 	
       33	          574 	
       34	          549 	
       35	          567 	
       36	          597 	
       37	          588 	
       38	          590 	
       39	          606 	
       40	          583 	
       41	          582 	
       42	          574 	
       43	          577 	
       44	          607 	
       45	          598 	
       46	          601 	
       47	          579 	
       48	          620 	
       49	          583 	
       50	          587 	
       51	          599 	
       52	          608 	
       53	          595 	
       54	          590 	
       55	          580 	
       56	          558 	
       57	          563 	
       58	          552 	
       59	          566 	
       60	          546 	
       61	          645 	
       62	          597 	
       63	          592 	
       64	          573 	
       65	          577 	
       66	          604 	
       67	          587 	
       68	          641 	
       69	          573 	
       70	          607 	
       71	          635 	
       72	          654 	
       73	          633 	
       74	          632 	
       75	          633 	
       76	          654 	
       77	          593 	
       78	          638 	
       79	          620 	
       80	          590 	
       81	          655 	
       82	          564 	
       83	          602 	
       84	          639 	
       85	          625 	
       86	          623 	
       87	          589 	
       88	          542 	
       89	          616 	
       90	          530 	
       91	          604 	
       92	          587 	
       93	          541 	
       94	          589 	
       95	          574 	
       96	          567 	
       97	          612 	
       98	          603 	
       99	          636 	
      100	          617 	
      101	          650 	
      102	          613 	
      103	          599 	
      104	          617 	
      105	          595 	
      106	          568 	
      107	          630 	
      108	          625 	
      109	          583 	
      110	          672 	
      111	          664 	
      112	          650 	
      113	          614 	
      114	          647 	
      115	          617 	
      116	          578 	
      117	          592 	
      118	          635 	
      119	          594 	
      120	          615 	
      121	          560 	
      122	          665 	
      123	          605 	
      124	          584 	
      125	          615 	
      126	          636 	
      127	          637 	
      128	          611 	
      129	          662 	
      130	          633 	
      131	          618 	
      132	          635 	
      133	          643 	
      134	          675 	
      135	          656 	
      136	          673 	
      137	          660 	
      138	          643 	
      139	          684 	
      140	          622 	
      141	          591 	
      142	          624 	
      143	          619 	
      144	          693 	
      145	          621 	
      146	          631 	
      147	          634 	
      148	          620 	
      149	          629 	
      150	          638 	
      151	          646 	
      152	          664 	
      153	          656 	
      154	          644 	
      155	          641 	
      156	          674 	
      157	          691 	
      158	          651 	
      159	          688 	
      160	          642 	
      161	          674 	
      162	          665 	
      163	          632 	
      164	          640 	
      165	          622 	
      166	          632 	
      167	          640 	
      168	          643 	
      169	          638 	
      170	          653 	
      171	          640 	
      172	          652 	
      173	          660 	
      174	          678 	
      175	          668 	
      176	          618 	
      177	          628 	
      178	          673 	
      179	          637 	
      180	          658 	
      181	          615 	
      182	          669 	
      183	          641 	
      184	          603 	
      185	          612 	
      186	          625 	
      187	          627 	
      188	          631 	
      189	          666 	
      190	          630 	
      191	          638 	
      192	          630 	
      193	          600 	
      194	          610 	
      195	          650 	
      196	          646 	
      197	          621 	
      198	          565 	
      199	          552 	
      200	          602 	
      201	          604 	
      202	          644 	
      203	          630 	
      204	          642 	
      205	          624 	
      206	          601 	
      207	          649 	
      208	          615 	
      209	          611 	
      210	          622 	
      211	          611 	
      212	          643 	
      213	          612 	
      214	          571 	
      215	          622 	
      216	          645 	
      217	          630 	
      218	          609 	
      219	          583 	
      220	          629 	
      221	          625 	
      222	          568 	
      223	          631 	
      224	          608 	
      225	          584 	
      226	          605 	
      227	          630 	
      228	          618 	
      229	          642 	
      230	          618 	
      231	          603 	
      232	          583 	
      233	          670 	
      234	          623 	
      235	          609 	
      236	          642 	
      237	          659 	
      238	          635 	
      239	          672 	
      240	          657 	
      241	          655 	
      242	          612 	
      243	          600 	
      244	          662 	
      245	          652 	
      246	          626 	
      247	          615 	
      248	          598 	
      249	          634 	
      250	          641 	
      251	          588 	
      252	          618 	
      253	          637 	
      254	          619 	
      255	          580 	
      256	          605 	
      257	          584 	
      258	          685 	
      259	          607 	
      260	          621 	
      261	          606 	
      262	          647 	
      263	          618 	
      264	          631 	
      265	          646 	
      266	          642 	
      267	          653 	
      268	          630 	
      269	          625 	
      270	          579 	
      271	          584 	
      272	          598 	
      273	          562 	
      274	          597 	
      275	          582 	
      276	          591 	
      277	          589 	
      278	          594 	
      279	          606 	
      280	          586 	
      281	          630 	
      282	          583 	
      283	          642 	
      284	          613 	
      285	          638 	
      286	          608 	
      287	          574 	
      288	          621 	
      289	          636 	
      290	          690 	
      291	          603 	
      292	          637 	
      293	          663 	
      294	          639 	
      295	          667 	
      296	          638 	
      297	          579 	
      298	          629 	
      299	          614 	
      300	          640 	
      301	          605 	
      302	          694 	
      303	          670 	
      304	          610 	
      305	          622 	
      306	          596 	
      307	          611 	
      308	          573 	
      309	          562 	
      310	          539 	
      311	          567 	
      312	          537 	
      313	          562 	
      314	          598 	
      315	          581 	
      316	          570 	
      317	          602 	
      318	          596 	
      319	          637 	
      320	          610 	
      321	          625 	
      322	          613 	
      323	          636 	
      324	          599 	
      325	          560 	
      326	          555 	
      327	          545 	
      328	          590 	
      329	          589 	
      330	          587 	
      331	          613 	
      332	          614 	
      333	          590 	
      334	          599 	
      335	          548 	
      336	          555 	
      337	          611 	
      338	          596 	
      339	          563 	
      340	          628 	
      341	          598 	
      342	          601 	
      343	          615 	
      344	          586 	
      345	          586 	
      346	          618 	
      347	          645 	
      348	          561 	
      349	          613 	
      350	          615 	
      351	          598 	
      352	          655 	
      353	          558 	
      354	          649 	
      355	          578 	
      356	          608 	
      357	          613 	
      358	          659 	
      359	          627 	
      360	          611 	
      361	          618 	
      362	          602 	
      363	          674 	
      364	          594 	
      365	          586 	
      366	          606 	
      367	          612 	
      368	          590 	
      369	          589 	
      370	          594 	
      371	          595 	
      372	          609 	
      373	          606 	
      374	          594 	
      375	          577 	
      376	          644 	
      377	          622 	
      378	          574 	
      379	          653 	
      380	          581 	
      381	          634 	
      382	          601 	
      383	          626 	
      384	          645 	
