Thorlabs Single Photon Counter Data Export

Date (YYYY-MM-DD):	2018-07-12
Time (HH:MM:SS):	15:21:49
Device Name:	SPCM50A
Serial Number:	M00451789
GUI Revision:	1.0 Build 2
Driver Revision:	1.0.1
Firmware Revision:	1.0.0

Application settings:
Operating Mode:	Free Running Timed Counter
Bin Length [ms]:	100
Time between Bins [ms]:	0.001
Pulse Blind Time [ns]:	0
Trigger Edge:	non-applicable
Array Measurement:	No
Array Measurement Continuously:	non-applicable
Bins per Array:	non-applicable
Active APD Gating:	No
Fan Off:	No

Bin Number 	Counts per Bin 	Remarks
        1	            5 	
        2	           11 	
        3	           10 	
        4	            6 	
        5	            5 	
        6	            5 	
        7	           11 	
        8	            7 	
        9	            3 	
       10	            8 	
       11	            6 	
       12	            6 	
       13	            5 	
       14	            8 	
       15	           10 	
       16	            6 	
       17	            8 	
       18	            7 	
       19	            2 	
       20	            9 	
       21	           12 	
       22	           10 	
       23	            4 	
       24	           10 	
       25	            3 	
       26	            7 	
       27	            9 	
       28	            3 	
       29	            5 	
       30	           10 	
       31	            8 	
       32	            7 	
       33	            6 	
       34	           10 	
       35	            4 	
       36	            4 	
       37	            7 	
       38	            7 	
       39	           10 	
       40	           10 	
       41	            8 	
       42	            9 	
       43	           10 	
       44	           16 	
       45	            5 	
       46	            7 	
       47	            7 	
       48	            6 	
       49	            8 	
       50	            3 	
       51	            6 	
       52	            8 	
       53	            5 	
       54	            7 	
       55	            9 	
       56	           10 	
       57	            6 	
       58	           10 	
       59	            8 	
       60	            6 	
       61	            6 	
       62	           11 	
       63	           15 	
       64	            7 	
       65	            8 	
       66	            5 	
       67	           10 	
       68	            9 	
       69	           13 	
       70	            5 	
       71	            7 	
       72	            3 	
       73	            4 	
       74	            6 	
       75	            9 	
       76	           11 	
       77	            6 	
       78	            6 	
       79	           13 	
       80	            6 	
       81	           12 	
       82	            9 	
       83	            7 	
       84	            7 	
       85	           12 	
       86	            5 	
       87	            7 	
       88	            6 	
       89	           12 	
       90	            7 	
       91	            6 	
       92	            5 	
       93	            5 	
       94	            7 	
       95	            4 	
       96	            5 	
       97	           13 	
       98	            7 	
       99	            4 	
      100	           12 	
      101	            6 	
      102	            6 	
      103	            6 	
      104	           13 	
      105	            8 	
      106	            7 	
      107	           10 	
      108	            4 	
      109	            4 	
      110	            4 	
      111	            7 	
      112	            6 	
      113	            7 	
      114	           15 	
      115	           12 	
      116	           11 	
      117	            6 	
      118	            6 	
      119	           13 	
      120	           11 	
      121	            6 	
      122	            5 	
      123	            7 	
      124	            4 	
      125	            9 	
      126	            6 	
      127	            5 	
      128	            6 	
      129	            8 	
      130	            7 	
      131	            9 	
      132	            4 	
      133	            8 	
      134	           12 	
      135	            5 	
      136	            9 	
      137	            5 	
      138	            5 	
      139	           10 	
      140	            9 	
      141	            7 	
      142	            8 	
      143	            9 	
      144	           10 	
      145	            9 	
      146	           10 	
      147	            6 	
      148	            8 	
      149	            9 	
      150	            5 	
      151	            5 	
      152	            3 	
      153	            6 	
      154	            5 	
      155	            9 	
      156	           12 	
      157	            8 	
      158	           10 	
      159	            6 	
      160	            5 	
      161	            9 	
      162	            7 	
      163	            6 	
      164	            9 	
      165	            8 	
      166	            6 	
      167	           10 	
      168	            3 	
      169	            6 	
      170	            9 	
      171	            7 	
      172	            8 	
      173	            7 	
      174	            6 	
      175	            2 	
      176	            7 	
      177	            6 	
      178	           12 	
      179	            6 	
      180	            4 	
      181	            9 	
      182	            7 	
      183	            7 	
      184	            7 	
      185	            6 	
      186	            6 	
      187	            5 	
      188	            8 	
      189	            6 	
      190	            8 	
      191	           13 	
      192	            4 	
      193	            5 	
      194	           13 	
      195	            4 	
      196	            2 	
      197	            6 	
      198	           10 	
      199	           10 	
      200	            3 	
      201	            5 	
      202	           11 	
      203	           12 	
      204	            7 	
      205	            6 	
      206	            7 	
      207	           10 	
      208	            9 	
      209	            6 	
      210	            5 	
      211	            8 	
      212	            7 	
      213	            3 	
      214	            5 	
      215	            5 	
      216	           13 	
      217	           10 	
      218	            5 	
      219	            7 	
      220	           10 	
      221	            6 	
      222	            1 	
      223	            7 	
      224	            8 	
      225	            7 	
      226	            5 	
      227	            6 	
      228	            7 	
      229	           10 	
      230	            6 	
      231	            4 	
      232	            9 	
      233	            9 	
      234	            6 	
      235	            4 	
      236	            6 	
      237	            8 	
      238	           13 	
      239	            3 	
      240	            9 	
      241	            7 	
      242	            6 	
      243	           10 	
      244	            6 	
      245	            5 	
      246	            4 	
      247	            6 	
      248	            9 	
      249	           12 	
      250	           15 	
      251	            9 	
      252	            6 	
      253	            8 	
      254	            4 	
      255	            9 	
      256	            8 	
      257	            6 	
      258	           10 	
      259	            8 	
      260	            7 	
      261	           12 	
      262	            9 	
      263	            2 	
      264	            9 	
      265	           18 	
      266	            6 	
      267	            7 	
      268	            9 	
      269	            6 	
      270	            4 	
      271	            4 	
      272	            5 	
      273	            6 	
      274	            8 	
      275	            9 	
      276	            7 	
      277	            5 	
      278	           12 	
      279	           11 	
      280	           11 	
      281	            6 	
      282	            4 	
      283	            4 	
      284	            5 	
      285	            7 	
      286	            3 	
      287	           11 	
      288	            6 	
      289	            8 	
      290	           10 	
      291	            4 	
      292	            8 	
      293	            5 	
      294	            6 	
      295	            9 	
      296	            8 	
      297	            5 	
      298	            9 	
      299	           11 	
      300	           12 	
      301	            7 	
      302	           12 	
      303	            9 	
      304	            8 	
      305	           12 	
      306	            4 	
      307	            8 	
      308	            3 	
      309	           11 	
      310	            8 	
      311	           11 	
      312	            9 	
      313	           11 	
      314	            9 	
      315	            6 	
      316	           10 	
      317	            8 	
      318	            7 	
      319	            9 	
      320	            4 	
      321	           13 	
      322	            5 	
      323	            6 	
      324	            7 	
      325	            3 	
      326	            9 	
      327	            4 	
      328	            5 	
      329	            4 	
      330	            2 	
      331	           13 	
      332	            5 	
      333	           11 	
      334	           11 	
      335	           13 	
      336	            8 	
      337	            9 	
      338	            7 	
      339	            8 	
      340	            7 	
      341	            6 	
      342	           11 	
      343	            5 	
      344	           16 	
      345	            9 	
      346	            5 	
      347	            2 	
      348	            9 	
      349	            6 	
      350	            5 	
      351	            3 	
      352	            6 	
      353	            6 	
      354	            6 	
      355	           12 	
      356	           10 	
      357	           12 	
      358	            9 	
      359	            4 	
      360	            4 	
      361	            8 	
      362	            8 	
      363	            4 	
      364	            4 	
      365	            2 	
      366	            9 	
      367	            6 	
      368	           11 	
      369	            4 	
      370	           12 	
      371	            9 	
      372	            7 	
      373	            7 	
      374	            8 	
      375	            9 	
      376	           17 	
      377	            7 	
      378	            6 	
      379	           11 	
      380	            9 	
      381	           16 	
      382	           10 	
      383	            6 	
      384	            7 	
      385	            6 	
      386	            9 	
      387	            6 	
      388	           10 	
      389	            6 	
      390	            7 	
      391	           10 	
      392	            9 	
      393	            9 	
      394	            6 	
      395	           10 	
      396	            4 	
      397	           11 	
      398	            4 	
      399	            7 	
      400	            7 	
      401	            7 	
      402	            8 	
      403	            5 	
      404	            2 	
      405	           11 	
      406	            8 	
      407	            7 	
      408	           10 	
      409	           15 	
      410	            7 	
      411	            7 	
      412	            8 	
      413	            9 	
      414	            5 	
      415	            7 	
      416	            8 	
      417	           13 	
      418	            6 	
      419	            3 	
      420	           10 	
      421	            3 	
      422	            7 	
      423	            5 	
      424	            9 	
      425	            2 	
      426	            7 	
      427	           12 	
      428	            6 	
      429	            8 	
      430	            4 	
      431	            5 	
      432	            9 	
      433	            8 	
      434	           12 	
      435	            5 	
      436	            8 	
      437	            4 	
      438	           11 	
      439	            4 	
      440	            6 	
      441	            9 	
      442	           13 	
      443	            4 	
      444	           10 	
      445	            7 	
      446	            4 	
      447	           17 	
      448	            4 	
      449	            5 	
      450	           11 	
      451	            7 	
      452	            5 	
      453	           13 	
      454	            8 	
      455	            8 	
      456	            7 	
      457	            3 	
      458	            7 	
      459	           10 	
      460	            7 	
      461	           12 	
      462	            8 	
      463	            9 	
      464	           10 	
      465	            6 	
      466	            7 	
      467	           10 	
      468	            9 	
      469	            6 	
      470	            5 	
      471	            5 	
      472	            9 	
      473	            9 	
      474	           13 	
      475	            7 	
      476	            5 	
      477	            7 	
      478	           12 	
      479	            4 	
      480	           10 	
      481	            9 	
      482	           15 	
      483	            3 	
      484	            9 	
      485	            8 	
      486	            8 	
      487	            8 	
      488	            8 	
      489	            7 	
      490	            9 	
      491	            3 	
      492	            9 	
      493	            9 	
      494	            9 	
      495	           13 	
      496	            4 	
      497	           11 	
      498	            7 	
      499	            9 	
      500	            5 	
      501	            2 	
      502	            3 	
      503	            7 	
      504	           11 	
      505	           14 	
