Thorlabs Single Photon Counter Data Export

Date (YYYY-MM-DD):	2018-07-12
Time (HH:MM:SS):	15:29:49
Device Name:	SPCM50A
Serial Number:	M00451789
GUI Revision:	1.0 Build 2
Driver Revision:	1.0.1
Firmware Revision:	1.0.0

Application settings:
Operating Mode:	Free Running Timed Counter
Bin Length [ms]:	100
Time between Bins [ms]:	0.001
Pulse Blind Time [ns]:	0
Trigger Edge:	non-applicable
Array Measurement:	No
Array Measurement Continuously:	non-applicable
Bins per Array:	non-applicable
Active APD Gating:	No
Fan Off:	No

Bin Number 	Counts per Bin 	Remarks
        1	          387 	
        2	          334 	
        3	          361 	
        4	          330 	
        5	          354 	
        6	          365 	
        7	          354 	
        8	          318 	
        9	          335 	
       10	          344 	
       11	          332 	
       12	          332 	
       13	          333 	
       14	          334 	
       15	          323 	
       16	          353 	
       17	          337 	
       18	          330 	
       19	          355 	
       20	          337 	
       21	          371 	
       22	          303 	
       23	          361 	
       24	          342 	
       25	          349 	
       26	          392 	
       27	          364 	
       28	          369 	
       29	          339 	
       30	          331 	
       31	          366 	
       32	          319 	
       33	          357 	
       34	          364 	
       35	          348 	
       36	          339 	
       37	          325 	
       38	          338 	
       39	          354 	
       40	          347 	
       41	          364 	
       42	          374 	
       43	          341 	
       44	          344 	
       45	          361 	
       46	          375 	
       47	          367 	
       48	          355 	
       49	          336 	
       50	          358 	
       51	          337 	
       52	          380 	
       53	          333 	
       54	          383 	
       55	          292 	
       56	          312 	
       57	          366 	
       58	          330 	
       59	          384 	
       60	          338 	
       61	          375 	
       62	          374 	
       63	          357 	
       64	          385 	
       65	          358 	
       66	          371 	
       67	          399 	
       68	          364 	
       69	          321 	
       70	          330 	
       71	          371 	
       72	          367 	
       73	          348 	
       74	          355 	
       75	          339 	
       76	          339 	
       77	          370 	
       78	          360 	
       79	          359 	
       80	          340 	
       81	          369 	
       82	          369 	
       83	          345 	
       84	          372 	
       85	          372 	
       86	          383 	
       87	          357 	
       88	          329 	
       89	          358 	
       90	          333 	
       91	          394 	
       92	          343 	
       93	          365 	
       94	          359 	
       95	          369 	
       96	          368 	
       97	          368 	
       98	          368 	
       99	          343 	
      100	          382 	
      101	          332 	
      102	          363 	
      103	          343 	
      104	          347 	
      105	          362 	
      106	          364 	
      107	          349 	
      108	          338 	
      109	          297 	
      110	          319 	
      111	          360 	
      112	          346 	
      113	          364 	
      114	          358 	
      115	          358 	
      116	          335 	
      117	          348 	
      118	          327 	
      119	          346 	
      120	          354 	
      121	          357 	
      122	          350 	
      123	          367 	
      124	          325 	
      125	          353 	
      126	          348 	
      127	          384 	
      128	          342 	
      129	          349 	
      130	          339 	
      131	          358 	
      132	          369 	
      133	          352 	
      134	          343 	
      135	          373 	
      136	          357 	
      137	          353 	
      138	          347 	
      139	          370 	
      140	          339 	
      141	          359 	
      142	          347 	
      143	          359 	
      144	          308 	
      145	          373 	
      146	          359 	
      147	          371 	
      148	          319 	
      149	          346 	
      150	          360 	
      151	          351 	
      152	          339 	
      153	          349 	
      154	          350 	
      155	          345 	
      156	          380 	
      157	          341 	
      158	          324 	
      159	          376 	
      160	          358 	
      161	          384 	
      162	          374 	
      163	          366 	
      164	          337 	
      165	          359 	
      166	          388 	
      167	          325 	
      168	          344 	
      169	          350 	
      170	          341 	
      171	          334 	
      172	          358 	
      173	          300 	
      174	          347 	
      175	          343 	
      176	          325 	
      177	          334 	
      178	          320 	
      179	          376 	
      180	          373 	
      181	          347 	
      182	          336 	
      183	          342 	
      184	          332 	
      185	          363 	
      186	          350 	
      187	          376 	
      188	          366 	
      189	          369 	
      190	          327 	
      191	          407 	
      192	          339 	
      193	          373 	
      194	          363 	
      195	          334 	
      196	          366 	
      197	          372 	
      198	          354 	
      199	          360 	
      200	          324 	
      201	          353 	
      202	          369 	
      203	          374 	
      204	          371 	
      205	          387 	
      206	          395 	
      207	          352 	
      208	          365 	
      209	          349 	
      210	          360 	
      211	          357 	
      212	          351 	
      213	          351 	
      214	          336 	
      215	          350 	
      216	          356 	
      217	          353 	
      218	          322 	
      219	          376 	
      220	          359 	
      221	          321 	
      222	          340 	
      223	          338 	
      224	          359 	
      225	          329 	
      226	          319 	
      227	          373 	
      228	          371 	
      229	          349 	
      230	          330 	
      231	          349 	
      232	          353 	
      233	          364 	
      234	          377 	
      235	          378 	
      236	          363 	
      237	          341 	
      238	          337 	
      239	          365 	
      240	          364 	
      241	          352 	
      242	          345 	
      243	          367 	
      244	          373 	
      245	          390 	
      246	          354 	
      247	          317 	
      248	          378 	
      249	          325 	
      250	          322 	
      251	          306 	
      252	          350 	
      253	          328 	
      254	          333 	
      255	          351 	
      256	          328 	
      257	          330 	
      258	          369 	
      259	          395 	
      260	          344 	
      261	          354 	
      262	          359 	
      263	          354 	
      264	          367 	
      265	          357 	
      266	          363 	
      267	          370 	
      268	          343 	
      269	          341 	
      270	          354 	
      271	          372 	
      272	          363 	
      273	          352 	
      274	          383 	
      275	          340 	
      276	          333 	
      277	          332 	
      278	          340 	
      279	          367 	
      280	          331 	
      281	          346 	
      282	          330 	
      283	          331 	
      284	          343 	
      285	          367 	
      286	          355 	
      287	          339 	
      288	          364 	
      289	          347 	
      290	          333 	
      291	          358 	
      292	          371 	
      293	          354 	
      294	          345 	
      295	          377 	
      296	          358 	
      297	          331 	
      298	          358 	
      299	          344 	
      300	          365 	
      301	          326 	
      302	          362 	
      303	          371 	
      304	          348 	
      305	          387 	
      306	          356 	
      307	          345 	
      308	          350 	
      309	          365 	
      310	          336 	
      311	          375 	
      312	          366 	
      313	          361 	
      314	          329 	
      315	          368 	
      316	          357 	
      317	          369 	
      318	          360 	
      319	          341 	
      320	          383 	
      321	          358 	
      322	          346 	
      323	          336 	
      324	          341 	
      325	          330 	
      326	          338 	
      327	          340 	
      328	          366 	
      329	          330 	
      330	          353 	
      331	          387 	
      332	          381 	
      333	          372 	
      334	          349 	
      335	          351 	
      336	          367 	
      337	          345 	
      338	          362 	
      339	          401 	
      340	          338 	
      341	          391 	
      342	          335 	
      343	          368 	
      344	          356 	
      345	          348 	
      346	          366 	
      347	          362 	
      348	          340 	
      349	          353 	
      350	          389 	
      351	          344 	
      352	          390 	
      353	          356 	
      354	          387 	
      355	          351 	
      356	          337 	
      357	          358 	
      358	          351 	
      359	          337 	
      360	          319 	
      361	          338 	
      362	          370 	
      363	          326 	
      364	          323 	
      365	          380 	
      366	          348 	
      367	          356 	
      368	          344 	
      369	          339 	
      370	          372 	
      371	          335 	
      372	          324 	
      373	          375 	
      374	          340 	
      375	          330 	
      376	          365 	
      377	          311 	
      378	          329 	
      379	          361 	
      380	          364 	
      381	          318 	
      382	          369 	
      383	          382 	
      384	          367 	
      385	          332 	
      386	          337 	
      387	          339 	
      388	          350 	
      389	          389 	
      390	          321 	
      391	          361 	
      392	          353 	
      393	          386 	
      394	          388 	
      395	          347 	
      396	          387 	
      397	          403 	
      398	          329 	
      399	          356 	
      400	          349 	
      401	          370 	
      402	          331 	
      403	          356 	
      404	          336 	
      405	          312 	
      406	          378 	
      407	          343 	
      408	          355 	
      409	          364 	
      410	          349 	
      411	          330 	
      412	          351 	
      413	          325 	
      414	          356 	
      415	          351 	
      416	          342 	
      417	          335 	
      418	          362 	
      419	          322 	
      420	          346 	
      421	          330 	
      422	          362 	
      423	          336 	
      424	          314 	
      425	          326 	
      426	          342 	
      427	          345 	
      428	          340 	
      429	          339 	
      430	          334 	
      431	          346 	
      432	          363 	
      433	          315 	
      434	          381 	
      435	          367 	
      436	          334 	
      437	          366 	
      438	          346 	
      439	          335 	
      440	          314 	
      441	          359 	
      442	          346 	
      443	          340 	
      444	          356 	
      445	          326 	
      446	          344 	
      447	          354 	
      448	          390 	
      449	          395 	
      450	          314 	
      451	          327 	
      452	          358 	
      453	          376 	
      454	          393 	
      455	          374 	
      456	          355 	
      457	          327 	
      458	          316 	
      459	          393 	
      460	          364 	
      461	          339 	
      462	          321 	
      463	          313 	
      464	          338 	
      465	          341 	
      466	          352 	
      467	          335 	
      468	          358 	
      469	          342 	
      470	          319 	
      471	          355 	
      472	          340 	
      473	          355 	
      474	          328 	
      475	          321 	
      476	          313 	
      477	          336 	
      478	          342 	
      479	          308 	
      480	          327 	
      481	          313 	
      482	          340 	
      483	          329 	
      484	          353 	
      485	          338 	
      486	          329 	
      487	          332 	
      488	          326 	
      489	          376 	
      490	          314 	
      491	          327 	
      492	          350 	
      493	          376 	
      494	          346 	
      495	          328 	
      496	          307 	
      497	          353 	
      498	          359 	
      499	          318 	
      500	          364 	
      501	          416 	
      502	          377 	
      503	          348 	
      504	          358 	
